element label	n1	n2	n3	n4
1	1	36	635	131
2	36	37	636	635
3	37	38	637	636
4	38	39	638	637
5	39	40	639	638
6	40	41	640	639
7	41	42	641	640
8	42	43	642	641
9	43	44	643	642
10	44	45	644	643
11	45	46	645	644
12	46	47	646	645
13	47	48	647	646
14	48	49	648	647
15	49	50	649	648
16	50	2	51	649
17	131	635	650	130
18	635	636	651	650
19	636	637	652	651
20	637	638	653	652
21	638	639	654	653
22	639	640	655	654
23	640	641	656	655
24	641	642	657	656
25	642	643	658	657
26	643	644	659	658
27	644	645	660	659
28	645	646	661	660
29	646	647	662	661
30	647	648	663	662
31	648	649	664	663
32	649	51	52	664
33	130	650	665	129
34	650	651	666	665
35	651	652	667	666
36	652	653	668	667
37	653	654	669	668
38	654	655	670	669
39	655	656	671	670
40	656	657	672	671
41	657	658	673	672
42	658	659	674	673
43	659	660	675	674
44	660	661	676	675
45	661	662	677	676
46	662	663	678	677
47	663	664	679	678
48	664	52	53	679
49	129	665	680	128
50	665	666	681	680
51	666	667	682	681
52	667	668	683	682
53	668	669	684	683
54	669	670	685	684
55	670	671	686	685
56	671	672	687	686
57	672	673	688	687
58	673	674	689	688
59	674	675	690	689
60	675	676	691	690
61	676	677	692	691
62	677	678	693	692
63	678	679	694	693
64	679	53	54	694
65	128	680	695	127
66	680	681	696	695
67	681	682	697	696
68	682	683	698	697
69	683	684	699	698
70	684	685	700	699
71	685	686	701	700
72	686	687	702	701
73	687	688	703	702
74	688	689	704	703
75	689	690	705	704
76	690	691	706	705
77	691	692	707	706
78	692	693	708	707
79	693	694	709	708
80	694	54	55	709
81	127	695	710	126
82	695	696	711	710
83	696	697	712	711
84	697	698	713	712
85	698	699	714	713
86	699	700	715	714
87	700	701	716	715
88	701	702	717	716
89	702	703	718	717
90	703	704	719	718
91	704	705	720	719
92	705	706	721	720
93	706	707	722	721
94	707	708	723	722
95	708	709	724	723
96	709	55	56	724
97	126	710	725	125
98	710	711	726	725
99	711	712	727	726
100	712	713	728	727
101	713	714	729	728
102	714	715	730	729
103	715	716	731	730
104	716	717	732	731
105	717	718	733	732
106	718	719	734	733
107	719	720	735	734
108	720	721	736	735
109	721	722	737	736
110	722	723	738	737
111	723	724	739	738
112	724	56	57	739
113	125	725	740	124
114	725	726	741	740
115	726	727	742	741
116	727	728	743	742
117	728	729	744	743
118	729	730	745	744
119	730	731	746	745
120	731	732	747	746
121	732	733	748	747
122	733	734	749	748
123	734	735	750	749
124	735	736	751	750
125	736	737	752	751
126	737	738	753	752
127	738	739	754	753
128	739	57	58	754
129	124	740	755	123
130	740	741	756	755
131	741	742	757	756
132	742	743	758	757
133	743	744	759	758
134	744	745	760	759
135	745	746	761	760
136	746	747	762	761
137	747	748	763	762
138	748	749	764	763
139	749	750	765	764
140	750	751	766	765
141	751	752	767	766
142	752	753	768	767
143	753	754	769	768
144	754	58	59	769
145	123	755	770	122
146	755	756	771	770
147	756	757	772	771
148	757	758	773	772
149	758	759	774	773
150	759	760	775	774
151	760	761	776	775
152	761	762	777	776
153	762	763	778	777
154	763	764	779	778
155	764	765	780	779
156	765	766	781	780
157	766	767	782	781
158	767	768	783	782
159	768	769	784	783
160	769	59	60	784
161	122	770	785	121
162	770	771	786	785
163	771	772	787	786
164	772	773	788	787
165	773	774	789	788
166	774	775	790	789
167	775	776	791	790
168	776	777	792	791
169	777	778	793	792
170	778	779	794	793
171	779	780	795	794
172	780	781	796	795
173	781	782	797	796
174	782	783	798	797
175	783	784	799	798
176	784	60	61	799
177	121	785	800	120
178	785	786	801	800
179	786	787	802	801
180	787	788	803	802
181	788	789	804	803
182	789	790	805	804
183	790	791	806	805
184	791	792	807	806
185	792	793	808	807
186	793	794	809	808
187	794	795	810	809
188	795	796	811	810
189	796	797	812	811
190	797	798	813	812
191	798	799	814	813
192	799	61	62	814
193	120	800	815	119
194	800	801	816	815
195	801	802	817	816
196	802	803	818	817
197	803	804	819	818
198	804	805	820	819
199	805	806	821	820
200	806	807	822	821
201	807	808	823	822
202	808	809	824	823
203	809	810	825	824
204	810	811	826	825
205	811	812	827	826
206	812	813	828	827
207	813	814	829	828
208	814	62	63	829
209	119	815	830	118
210	815	816	831	830
211	816	817	832	831
212	817	818	833	832
213	818	819	834	833
214	819	820	835	834
215	820	821	836	835
216	821	822	837	836
217	822	823	838	837
218	823	824	839	838
219	824	825	840	839
220	825	826	841	840
221	826	827	842	841
222	827	828	843	842
223	828	829	844	843
224	829	63	64	844
225	118	830	845	117
226	830	831	846	845
227	831	832	847	846
228	832	833	848	847
229	833	834	849	848
230	834	835	850	849
231	835	836	851	850
232	836	837	852	851
233	837	838	853	852
234	838	839	854	853
235	839	840	855	854
236	840	841	856	855
237	841	842	857	856
238	842	843	858	857
239	843	844	859	858
240	844	64	65	859
241	117	845	860	116
242	845	846	861	860
243	846	847	862	861
244	847	848	863	862
245	848	849	864	863
246	849	850	865	864
247	850	851	866	865
248	851	852	867	866
249	852	853	868	867
250	853	854	869	868
251	854	855	870	869
252	855	856	871	870
253	856	857	872	871
254	857	858	873	872
255	858	859	874	873
256	859	65	66	874
257	116	860	875	115
258	860	861	876	875
259	861	862	877	876
260	862	863	878	877
261	863	864	879	878
262	864	865	880	879
263	865	866	881	880
264	866	867	882	881
265	867	868	883	882
266	868	869	884	883
267	869	870	885	884
268	870	871	886	885
269	871	872	887	886
270	872	873	888	887
271	873	874	889	888
272	874	66	67	889
273	115	875	890	114
274	875	876	891	890
275	876	877	892	891
276	877	878	893	892
277	878	879	894	893
278	879	880	895	894
279	880	881	896	895
280	881	882	897	896
281	882	883	898	897
282	883	884	899	898
283	884	885	900	899
284	885	886	901	900
285	886	887	902	901
286	887	888	903	902
287	888	889	904	903
288	889	67	68	904
289	114	890	905	113
290	890	891	906	905
291	891	892	907	906
292	892	893	908	907
293	893	894	909	908
294	894	895	910	909
295	895	896	911	910
296	896	897	912	911
297	897	898	913	912
298	898	899	914	913
299	899	900	915	914
300	900	901	916	915
301	901	902	917	916
302	902	903	918	917
303	903	904	919	918
304	904	68	69	919
305	113	905	920	112
306	905	906	921	920
307	906	907	922	921
308	907	908	923	922
309	908	909	924	923
310	909	910	925	924
311	910	911	926	925
312	911	912	927	926
313	912	913	928	927
314	913	914	929	928
315	914	915	930	929
316	915	916	931	930
317	916	917	932	931
318	917	918	933	932
319	918	919	934	933
320	919	69	70	934
321	112	920	935	111
322	920	921	936	935
323	921	922	937	936
324	922	923	938	937
325	923	924	939	938
326	924	925	940	939
327	925	926	941	940
328	926	927	942	941
329	927	928	943	942
330	928	929	944	943
331	929	930	945	944
332	930	931	946	945
333	931	932	947	946
334	932	933	948	947
335	933	934	949	948
336	934	70	71	949
337	111	935	950	110
338	935	936	951	950
339	936	937	952	951
340	937	938	953	952
341	938	939	954	953
342	939	940	955	954
343	940	941	956	955
344	941	942	957	956
345	942	943	958	957
346	943	944	959	958
347	944	945	960	959
348	945	946	961	960
349	946	947	962	961
350	947	948	963	962
351	948	949	964	963
352	949	71	72	964
353	110	950	965	109
354	950	951	966	965
355	951	952	967	966
356	952	953	968	967
357	953	954	969	968
358	954	955	970	969
359	955	956	971	970
360	956	957	972	971
361	957	958	973	972
362	958	959	974	973
363	959	960	975	974
364	960	961	976	975
365	961	962	977	976
366	962	963	978	977
367	963	964	979	978
368	964	72	73	979
369	109	965	980	108
370	965	966	981	980
371	966	967	982	981
372	967	968	983	982
373	968	969	984	983
374	969	970	985	984
375	970	971	986	985
376	971	972	987	986
377	972	973	988	987
378	973	974	989	988
379	974	975	990	989
380	975	976	991	990
381	976	977	992	991
382	977	978	993	992
383	978	979	994	993
384	979	73	74	994
385	108	980	995	107
386	980	981	996	995
387	981	982	997	996
388	982	983	998	997
389	983	984	999	998
390	984	985	1000	999
391	985	986	1001	1000
392	986	987	1002	1001
393	987	988	1003	1002
394	988	989	1004	1003
395	989	990	1005	1004
396	990	991	1006	1005
397	991	992	1007	1006
398	992	993	1008	1007
399	993	994	1009	1008
400	994	74	75	1009
401	107	995	1010	106
402	995	996	1011	1010
403	996	997	1012	1011
404	997	998	1013	1012
405	998	999	1014	1013
406	999	1000	1015	1014
407	1000	1001	1016	1015
408	1001	1002	1017	1016
409	1002	1003	1018	1017
410	1003	1004	1019	1018
411	1004	1005	1020	1019
412	1005	1006	1021	1020
413	1006	1007	1022	1021
414	1007	1008	1023	1022
415	1008	1009	1024	1023
416	1009	75	76	1024
417	106	1010	1025	105
418	1010	1011	1026	1025
419	1011	1012	1027	1026
420	1012	1013	1028	1027
421	1013	1014	1029	1028
422	1014	1015	1030	1029
423	1015	1016	1031	1030
424	1016	1017	1032	1031
425	1017	1018	1033	1032
426	1018	1019	1034	1033
427	1019	1020	1035	1034
428	1020	1021	1036	1035
429	1021	1022	1037	1036
430	1022	1023	1038	1037
431	1023	1024	1039	1038
432	1024	76	77	1039
433	105	1025	1040	104
434	1025	1026	1041	1040
435	1026	1027	1042	1041
436	1027	1028	1043	1042
437	1028	1029	1044	1043
438	1029	1030	1045	1044
439	1030	1031	1046	1045
440	1031	1032	1047	1046
441	1032	1033	1048	1047
442	1033	1034	1049	1048
443	1034	1035	1050	1049
444	1035	1036	1051	1050
445	1036	1037	1052	1051
446	1037	1038	1053	1052
447	1038	1039	1054	1053
448	1039	77	78	1054
449	104	1040	1055	103
450	1040	1041	1056	1055
451	1041	1042	1057	1056
452	1042	1043	1058	1057
453	1043	1044	1059	1058
454	1044	1045	1060	1059
455	1045	1046	1061	1060
456	1046	1047	1062	1061
457	1047	1048	1063	1062
458	1048	1049	1064	1063
459	1049	1050	1065	1064
460	1050	1051	1066	1065
461	1051	1052	1067	1066
462	1052	1053	1068	1067
463	1053	1054	1069	1068
464	1054	78	79	1069
465	103	1055	1070	102
466	1055	1056	1071	1070
467	1056	1057	1072	1071
468	1057	1058	1073	1072
469	1058	1059	1074	1073
470	1059	1060	1075	1074
471	1060	1061	1076	1075
472	1061	1062	1077	1076
473	1062	1063	1078	1077
474	1063	1064	1079	1078
475	1064	1065	1080	1079
476	1065	1066	1081	1080
477	1066	1067	1082	1081
478	1067	1068	1083	1082
479	1068	1069	1084	1083
480	1069	79	80	1084
481	102	1070	1085	101
482	1070	1071	1086	1085
483	1071	1072	1087	1086
484	1072	1073	1088	1087
485	1073	1074	1089	1088
486	1074	1075	1090	1089
487	1075	1076	1091	1090
488	1076	1077	1092	1091
489	1077	1078	1093	1092
490	1078	1079	1094	1093
491	1079	1080	1095	1094
492	1080	1081	1096	1095
493	1081	1082	1097	1096
494	1082	1083	1098	1097
495	1083	1084	1099	1098
496	1084	80	81	1099
497	101	1085	1100	100
498	1085	1086	1101	1100
499	1086	1087	1102	1101
500	1087	1088	1103	1102
501	1088	1089	1104	1103
502	1089	1090	1105	1104
503	1090	1091	1106	1105
504	1091	1092	1107	1106
505	1092	1093	1108	1107
506	1093	1094	1109	1108
507	1094	1095	1110	1109
508	1095	1096	1111	1110
509	1096	1097	1112	1111
510	1097	1098	1113	1112
511	1098	1099	1114	1113
512	1099	81	82	1114
513	100	1100	1115	99
514	1100	1101	1116	1115
515	1101	1102	1117	1116
516	1102	1103	1118	1117
517	1103	1104	1119	1118
518	1104	1105	1120	1119
519	1105	1106	1121	1120
520	1106	1107	1122	1121
521	1107	1108	1123	1122
522	1108	1109	1124	1123
523	1109	1110	1125	1124
524	1110	1111	1126	1125
525	1111	1112	1127	1126
526	1112	1113	1128	1127
527	1113	1114	1129	1128
528	1114	82	83	1129
529	99	1115	98	4
530	1115	1116	97	98
531	1116	1117	96	97
532	1117	1118	95	96
533	1118	1119	94	95
534	1119	1120	93	94
535	1120	1121	92	93
536	1121	1122	91	92
537	1122	1123	90	91
538	1123	1124	89	90
539	1124	1125	88	89
540	1125	1126	87	88
541	1126	1127	86	87
542	1127	1128	85	86
543	1128	1129	84	85
544	1129	83	3	84
545	1	132	1130	171
546	132	133	1131	1130
547	133	134	1132	1131
548	134	135	1133	1132
549	135	136	1134	1133
550	136	137	1135	1134
551	137	138	1136	1135
552	138	139	1137	1136
553	139	140	1138	1137
554	140	141	1139	1138
555	141	142	1140	1139
556	142	143	1141	1140
557	143	144	1142	1141
558	144	145	1143	1142
559	145	146	1144	1143
560	146	5	147	1144
561	171	1130	1145	170
562	1130	1131	1146	1145
563	1131	1132	1147	1146
564	1132	1133	1148	1147
565	1133	1134	1149	1148
566	1134	1135	1150	1149
567	1135	1136	1151	1150
568	1136	1137	1152	1151
569	1137	1138	1153	1152
570	1138	1139	1154	1153
571	1139	1140	1155	1154
572	1140	1141	1156	1155
573	1141	1142	1157	1156
574	1142	1143	1158	1157
575	1143	1144	1159	1158
576	1144	147	148	1159
577	170	1145	1160	169
578	1145	1146	1161	1160
579	1146	1147	1162	1161
580	1147	1148	1163	1162
581	1148	1149	1164	1163
582	1149	1150	1165	1164
583	1150	1151	1166	1165
584	1151	1152	1167	1166
585	1152	1153	1168	1167
586	1153	1154	1169	1168
587	1154	1155	1170	1169
588	1155	1156	1171	1170
589	1156	1157	1172	1171
590	1157	1158	1173	1172
591	1158	1159	1174	1173
592	1159	148	149	1174
593	169	1160	1175	168
594	1160	1161	1176	1175
595	1161	1162	1177	1176
596	1162	1163	1178	1177
597	1163	1164	1179	1178
598	1164	1165	1180	1179
599	1165	1166	1181	1180
600	1166	1167	1182	1181
601	1167	1168	1183	1182
602	1168	1169	1184	1183
603	1169	1170	1185	1184
604	1170	1171	1186	1185
605	1171	1172	1187	1186
606	1172	1173	1188	1187
607	1173	1174	1189	1188
608	1174	149	150	1189
609	168	1175	1190	167
610	1175	1176	1191	1190
611	1176	1177	1192	1191
612	1177	1178	1193	1192
613	1178	1179	1194	1193
614	1179	1180	1195	1194
615	1180	1181	1196	1195
616	1181	1182	1197	1196
617	1182	1183	1198	1197
618	1183	1184	1199	1198
619	1184	1185	1200	1199
620	1185	1186	1201	1200
621	1186	1187	1202	1201
622	1187	1188	1203	1202
623	1188	1189	1204	1203
624	1189	150	151	1204
625	167	1190	166	7
626	1190	1191	165	166
627	1191	1192	164	165
628	1192	1193	163	164
629	1193	1194	162	163
630	1194	1195	161	162
631	1195	1196	160	161
632	1196	1197	159	160
633	1197	1198	158	159
634	1198	1199	157	158
635	1199	1200	156	157
636	1200	1201	155	156
637	1201	1202	154	155
638	1202	1203	153	154
639	1203	1204	152	153
640	1204	151	6	152
641	8	172	1205	189
642	172	173	1206	1205
643	173	174	1207	1206
644	174	175	1208	1207
645	175	2	176	1208
646	189	1205	1209	188
647	1205	1206	1210	1209
648	1206	1207	1211	1210
649	1207	1208	1212	1211
650	1208	176	177	1212
651	188	1209	1213	187
652	1209	1210	1214	1213
653	1210	1211	1215	1214
654	1211	1212	1216	1215
655	1212	177	178	1216
656	187	1213	1217	186
657	1213	1214	1218	1217
658	1214	1215	1219	1218
659	1215	1216	1220	1219
660	1216	178	179	1220
661	186	1217	1221	185
662	1217	1218	1222	1221
663	1218	1219	1223	1222
664	1219	1220	1224	1223
665	1220	179	180	1224
666	185	1221	184	10
667	1221	1222	183	184
668	1222	1223	182	183
669	1223	1224	181	182
670	1224	180	9	181
671	8	190	1225	263
672	190	191	1226	1225
673	191	192	1227	1226
674	192	193	1228	1227
675	193	5	194	1228
676	263	1225	1229	262
677	1225	1226	1230	1229
678	1226	1227	1231	1230
679	1227	1228	1232	1231
680	1228	194	195	1232
681	262	1229	1233	261
682	1229	1230	1234	1233
683	1230	1231	1235	1234
684	1231	1232	1236	1235
685	1232	195	196	1236
686	261	1233	1237	260
687	1233	1234	1238	1237
688	1234	1235	1239	1238
689	1235	1236	1240	1239
690	1236	196	197	1240
691	260	1237	1241	259
692	1237	1238	1242	1241
693	1238	1239	1243	1242
694	1239	1240	1244	1243
695	1240	197	198	1244
696	259	1241	1245	258
697	1241	1242	1246	1245
698	1242	1243	1247	1246
699	1243	1244	1248	1247
700	1244	198	199	1248
701	258	1245	1249	257
702	1245	1246	1250	1249
703	1246	1247	1251	1250
704	1247	1248	1252	1251
705	1248	199	200	1252
706	257	1249	1253	256
707	1249	1250	1254	1253
708	1250	1251	1255	1254
709	1251	1252	1256	1255
710	1252	200	201	1256
711	256	1253	1257	255
712	1253	1254	1258	1257
713	1254	1255	1259	1258
714	1255	1256	1260	1259
715	1256	201	202	1260
716	255	1257	1261	254
717	1257	1258	1262	1261
718	1258	1259	1263	1262
719	1259	1260	1264	1263
720	1260	202	203	1264
721	254	1261	1265	253
722	1261	1262	1266	1265
723	1262	1263	1267	1266
724	1263	1264	1268	1267
725	1264	203	204	1268
726	253	1265	1269	252
727	1265	1266	1270	1269
728	1266	1267	1271	1270
729	1267	1268	1272	1271
730	1268	204	205	1272
731	252	1269	1273	251
732	1269	1270	1274	1273
733	1270	1271	1275	1274
734	1271	1272	1276	1275
735	1272	205	206	1276
736	251	1273	1277	250
737	1273	1274	1278	1277
738	1274	1275	1279	1278
739	1275	1276	1280	1279
740	1276	206	207	1280
741	250	1277	1281	249
742	1277	1278	1282	1281
743	1278	1279	1283	1282
744	1279	1280	1284	1283
745	1280	207	208	1284
746	249	1281	1285	248
747	1281	1282	1286	1285
748	1282	1283	1287	1286
749	1283	1284	1288	1287
750	1284	208	209	1288
751	248	1285	1289	247
752	1285	1286	1290	1289
753	1286	1287	1291	1290
754	1287	1288	1292	1291
755	1288	209	210	1292
756	247	1289	1293	246
757	1289	1290	1294	1293
758	1290	1291	1295	1294
759	1291	1292	1296	1295
760	1292	210	211	1296
761	246	1293	1297	245
762	1293	1294	1298	1297
763	1294	1295	1299	1298
764	1295	1296	1300	1299
765	1296	211	212	1300
766	245	1297	1301	244
767	1297	1298	1302	1301
768	1298	1299	1303	1302
769	1299	1300	1304	1303
770	1300	212	213	1304
771	244	1301	1305	243
772	1301	1302	1306	1305
773	1302	1303	1307	1306
774	1303	1304	1308	1307
775	1304	213	214	1308
776	243	1305	1309	242
777	1305	1306	1310	1309
778	1306	1307	1311	1310
779	1307	1308	1312	1311
780	1308	214	215	1312
781	242	1309	1313	241
782	1309	1310	1314	1313
783	1310	1311	1315	1314
784	1311	1312	1316	1315
785	1312	215	216	1316
786	241	1313	1317	240
787	1313	1314	1318	1317
788	1314	1315	1319	1318
789	1315	1316	1320	1319
790	1316	216	217	1320
791	240	1317	1321	239
792	1317	1318	1322	1321
793	1318	1319	1323	1322
794	1319	1320	1324	1323
795	1320	217	218	1324
796	239	1321	1325	238
797	1321	1322	1326	1325
798	1322	1323	1327	1326
799	1323	1324	1328	1327
800	1324	218	219	1328
801	238	1325	1329	237
802	1325	1326	1330	1329
803	1326	1327	1331	1330
804	1327	1328	1332	1331
805	1328	219	220	1332
806	237	1329	1333	236
807	1329	1330	1334	1333
808	1330	1331	1335	1334
809	1331	1332	1336	1335
810	1332	220	221	1336
811	236	1333	1337	235
812	1333	1334	1338	1337
813	1334	1335	1339	1338
814	1335	1336	1340	1339
815	1336	221	222	1340
816	235	1337	1341	234
817	1337	1338	1342	1341
818	1338	1339	1343	1342
819	1339	1340	1344	1343
820	1340	222	223	1344
821	234	1341	1345	233
822	1341	1342	1346	1345
823	1342	1343	1347	1346
824	1343	1344	1348	1347
825	1344	223	224	1348
826	233	1345	1349	232
827	1345	1346	1350	1349
828	1346	1347	1351	1350
829	1347	1348	1352	1351
830	1348	224	225	1352
831	232	1349	1353	231
832	1349	1350	1354	1353
833	1350	1351	1355	1354
834	1351	1352	1356	1355
835	1352	225	226	1356
836	231	1353	230	12
837	1353	1354	229	230
838	1354	1355	228	229
839	1355	1356	227	228
840	1356	226	11	227
841	2	264	1357	176
842	264	265	1358	1357
843	265	13	266	1358
844	176	1357	1359	177
845	1357	1358	1360	1359
846	1358	266	267	1360
847	177	1359	1361	178
848	1359	1360	1362	1361
849	1360	267	268	1362
850	178	1361	1363	179
851	1361	1362	1364	1363
852	1362	268	269	1364
853	179	1363	1365	180
854	1363	1364	1366	1365
855	1364	269	270	1366
856	180	1365	272	9
857	1365	1366	271	272
858	1366	270	14	271
859	5	273	1367	194
860	273	274	1368	1367
861	274	13	275	1368
862	194	1367	1369	195
863	1367	1368	1370	1369
864	1368	275	276	1370
865	195	1369	1371	196
866	1369	1370	1372	1371
867	1370	276	277	1372
868	196	1371	1373	197
869	1371	1372	1374	1373
870	1372	277	278	1374
871	197	1373	1375	198
872	1373	1374	1376	1375
873	1374	278	279	1376
874	198	1375	1377	199
875	1375	1376	1378	1377
876	1376	279	280	1378
877	199	1377	1379	200
878	1377	1378	1380	1379
879	1378	280	281	1380
880	200	1379	1381	201
881	1379	1380	1382	1381
882	1380	281	282	1382
883	201	1381	1383	202
884	1381	1382	1384	1383
885	1382	282	283	1384
886	202	1383	1385	203
887	1383	1384	1386	1385
888	1384	283	284	1386
889	203	1385	1387	204
890	1385	1386	1388	1387
891	1386	284	285	1388
892	204	1387	1389	205
893	1387	1388	1390	1389
894	1388	285	286	1390
895	205	1389	1391	206
896	1389	1390	1392	1391
897	1390	286	287	1392
898	206	1391	1393	207
899	1391	1392	1394	1393
900	1392	287	288	1394
901	207	1393	1395	208
902	1393	1394	1396	1395
903	1394	288	289	1396
904	208	1395	1397	209
905	1395	1396	1398	1397
906	1396	289	290	1398
907	209	1397	1399	210
908	1397	1398	1400	1399
909	1398	290	291	1400
910	210	1399	1401	211
911	1399	1400	1402	1401
912	1400	291	292	1402
913	211	1401	1403	212
914	1401	1402	1404	1403
915	1402	292	293	1404
916	212	1403	1405	213
917	1403	1404	1406	1405
918	1404	293	294	1406
919	213	1405	1407	214
920	1405	1406	1408	1407
921	1406	294	295	1408
922	214	1407	1409	215
923	1407	1408	1410	1409
924	1408	295	296	1410
925	215	1409	1411	216
926	1409	1410	1412	1411
927	1410	296	297	1412
928	216	1411	1413	217
929	1411	1412	1414	1413
930	1412	297	298	1414
931	217	1413	1415	218
932	1413	1414	1416	1415
933	1414	298	299	1416
934	218	1415	1417	219
935	1415	1416	1418	1417
936	1416	299	300	1418
937	219	1417	1419	220
938	1417	1418	1420	1419
939	1418	300	301	1420
940	220	1419	1421	221
941	1419	1420	1422	1421
942	1420	301	302	1422
943	221	1421	1423	222
944	1421	1422	1424	1423
945	1422	302	303	1424
946	222	1423	1425	223
947	1423	1424	1426	1425
948	1424	303	304	1426
949	223	1425	1427	224
950	1425	1426	1428	1427
951	1426	304	305	1428
952	224	1427	1429	225
953	1427	1428	1430	1429
954	1428	305	306	1430
955	225	1429	1431	226
956	1429	1430	1432	1431
957	1430	306	307	1432
958	226	1431	309	11
959	1431	1432	308	309
960	1432	307	15	308
961	13	274	1433	266
962	274	273	1434	1433
963	273	5	147	1434
964	266	1433	1435	267
965	1433	1434	1436	1435
966	1434	147	148	1436
967	267	1435	1437	268
968	1435	1436	1438	1437
969	1436	148	149	1438
970	268	1437	1439	269
971	1437	1438	1440	1439
972	1438	149	150	1440
973	269	1439	1441	270
974	1439	1440	1442	1441
975	1440	150	151	1442
976	270	1441	311	14
977	1441	1442	310	311
978	1442	151	6	310
979	15	312	1443	323
980	312	313	1444	1443
981	313	3	314	1444
982	323	1443	1445	322
983	1443	1444	1446	1445
984	1444	314	315	1446
985	322	1445	1447	321
986	1445	1446	1448	1447
987	1446	315	316	1448
988	321	1447	1449	320
989	1447	1448	1450	1449
990	1448	316	317	1450
991	320	1449	319	17
992	1449	1450	318	319
993	1450	317	16	318
994	4	98	1451	342
995	98	97	1452	1451
996	97	96	1453	1452
997	96	95	1454	1453
998	95	94	1455	1454
999	94	93	1456	1455
1000	93	92	1457	1456
1001	92	91	1458	1457
1002	91	90	1459	1458
1003	90	89	1460	1459
1004	89	88	1461	1460
1005	88	87	1462	1461
1006	87	86	1463	1462
1007	86	85	1464	1463
1008	85	84	1465	1464
1009	84	3	314	1465
1010	342	1451	1466	341
1011	1451	1452	1467	1466
1012	1452	1453	1468	1467
1013	1453	1454	1469	1468
1014	1454	1455	1470	1469
1015	1455	1456	1471	1470
1016	1456	1457	1472	1471
1017	1457	1458	1473	1472
1018	1458	1459	1474	1473
1019	1459	1460	1475	1474
1020	1460	1461	1476	1475
1021	1461	1462	1477	1476
1022	1462	1463	1478	1477
1023	1463	1464	1479	1478
1024	1464	1465	1480	1479
1025	1465	314	315	1480
1026	341	1466	1481	340
1027	1466	1467	1482	1481
1028	1467	1468	1483	1482
1029	1468	1469	1484	1483
1030	1469	1470	1485	1484
1031	1470	1471	1486	1485
1032	1471	1472	1487	1486
1033	1472	1473	1488	1487
1034	1473	1474	1489	1488
1035	1474	1475	1490	1489
1036	1475	1476	1491	1490
1037	1476	1477	1492	1491
1038	1477	1478	1493	1492
1039	1478	1479	1494	1493
1040	1479	1480	1495	1494
1041	1480	315	316	1495
1042	340	1481	1496	339
1043	1481	1482	1497	1496
1044	1482	1483	1498	1497
1045	1483	1484	1499	1498
1046	1484	1485	1500	1499
1047	1485	1486	1501	1500
1048	1486	1487	1502	1501
1049	1487	1488	1503	1502
1050	1488	1489	1504	1503
1051	1489	1490	1505	1504
1052	1490	1491	1506	1505
1053	1491	1492	1507	1506
1054	1492	1493	1508	1507
1055	1493	1494	1509	1508
1056	1494	1495	1510	1509
1057	1495	316	317	1510
1058	339	1496	338	18
1059	1496	1497	337	338
1060	1497	1498	336	337
1061	1498	1499	335	336
1062	1499	1500	334	335
1063	1500	1501	333	334
1064	1501	1502	332	333
1065	1502	1503	331	332
1066	1503	1504	330	331
1067	1504	1505	329	330
1068	1505	1506	328	329
1069	1506	1507	327	328
1070	1507	1508	326	327
1071	1508	1509	325	326
1072	1509	1510	324	325
1073	1510	317	16	324
1074	5	146	1511	194
1075	146	145	1512	1511
1076	145	144	1513	1512
1077	144	143	1514	1513
1078	143	142	1515	1514
1079	142	141	1516	1515
1080	141	140	1517	1516
1081	140	139	1518	1517
1082	139	138	1519	1518
1083	138	137	1520	1519
1084	137	136	1521	1520
1085	136	135	1522	1521
1086	135	134	1523	1522
1087	134	133	1524	1523
1088	133	132	1525	1524
1089	132	1	131	1525
1090	194	1511	1526	195
1091	1511	1512	1527	1526
1092	1512	1513	1528	1527
1093	1513	1514	1529	1528
1094	1514	1515	1530	1529
1095	1515	1516	1531	1530
1096	1516	1517	1532	1531
1097	1517	1518	1533	1532
1098	1518	1519	1534	1533
1099	1519	1520	1535	1534
1100	1520	1521	1536	1535
1101	1521	1522	1537	1536
1102	1522	1523	1538	1537
1103	1523	1524	1539	1538
1104	1524	1525	1540	1539
1105	1525	131	130	1540
1106	195	1526	1541	196
1107	1526	1527	1542	1541
1108	1527	1528	1543	1542
1109	1528	1529	1544	1543
1110	1529	1530	1545	1544
1111	1530	1531	1546	1545
1112	1531	1532	1547	1546
1113	1532	1533	1548	1547
1114	1533	1534	1549	1548
1115	1534	1535	1550	1549
1116	1535	1536	1551	1550
1117	1536	1537	1552	1551
1118	1537	1538	1553	1552
1119	1538	1539	1554	1553
1120	1539	1540	1555	1554
1121	1540	130	129	1555
1122	196	1541	1556	197
1123	1541	1542	1557	1556
1124	1542	1543	1558	1557
1125	1543	1544	1559	1558
1126	1544	1545	1560	1559
1127	1545	1546	1561	1560
1128	1546	1547	1562	1561
1129	1547	1548	1563	1562
1130	1548	1549	1564	1563
1131	1549	1550	1565	1564
1132	1550	1551	1566	1565
1133	1551	1552	1567	1566
1134	1552	1553	1568	1567
1135	1553	1554	1569	1568
1136	1554	1555	1570	1569
1137	1555	129	128	1570
1138	197	1556	1571	198
1139	1556	1557	1572	1571
1140	1557	1558	1573	1572
1141	1558	1559	1574	1573
1142	1559	1560	1575	1574
1143	1560	1561	1576	1575
1144	1561	1562	1577	1576
1145	1562	1563	1578	1577
1146	1563	1564	1579	1578
1147	1564	1565	1580	1579
1148	1565	1566	1581	1580
1149	1566	1567	1582	1581
1150	1567	1568	1583	1582
1151	1568	1569	1584	1583
1152	1569	1570	1585	1584
1153	1570	128	127	1585
1154	198	1571	1586	199
1155	1571	1572	1587	1586
1156	1572	1573	1588	1587
1157	1573	1574	1589	1588
1158	1574	1575	1590	1589
1159	1575	1576	1591	1590
1160	1576	1577	1592	1591
1161	1577	1578	1593	1592
1162	1578	1579	1594	1593
1163	1579	1580	1595	1594
1164	1580	1581	1596	1595
1165	1581	1582	1597	1596
1166	1582	1583	1598	1597
1167	1583	1584	1599	1598
1168	1584	1585	1600	1599
1169	1585	127	126	1600
1170	199	1586	1601	200
1171	1586	1587	1602	1601
1172	1587	1588	1603	1602
1173	1588	1589	1604	1603
1174	1589	1590	1605	1604
1175	1590	1591	1606	1605
1176	1591	1592	1607	1606
1177	1592	1593	1608	1607
1178	1593	1594	1609	1608
1179	1594	1595	1610	1609
1180	1595	1596	1611	1610
1181	1596	1597	1612	1611
1182	1597	1598	1613	1612
1183	1598	1599	1614	1613
1184	1599	1600	1615	1614
1185	1600	126	125	1615
1186	200	1601	1616	201
1187	1601	1602	1617	1616
1188	1602	1603	1618	1617
1189	1603	1604	1619	1618
1190	1604	1605	1620	1619
1191	1605	1606	1621	1620
1192	1606	1607	1622	1621
1193	1607	1608	1623	1622
1194	1608	1609	1624	1623
1195	1609	1610	1625	1624
1196	1610	1611	1626	1625
1197	1611	1612	1627	1626
1198	1612	1613	1628	1627
1199	1613	1614	1629	1628
1200	1614	1615	1630	1629
1201	1615	125	124	1630
1202	201	1616	1631	202
1203	1616	1617	1632	1631
1204	1617	1618	1633	1632
1205	1618	1619	1634	1633
1206	1619	1620	1635	1634
1207	1620	1621	1636	1635
1208	1621	1622	1637	1636
1209	1622	1623	1638	1637
1210	1623	1624	1639	1638
1211	1624	1625	1640	1639
1212	1625	1626	1641	1640
1213	1626	1627	1642	1641
1214	1627	1628	1643	1642
1215	1628	1629	1644	1643
1216	1629	1630	1645	1644
1217	1630	124	123	1645
1218	202	1631	1646	203
1219	1631	1632	1647	1646
1220	1632	1633	1648	1647
1221	1633	1634	1649	1648
1222	1634	1635	1650	1649
1223	1635	1636	1651	1650
1224	1636	1637	1652	1651
1225	1637	1638	1653	1652
1226	1638	1639	1654	1653
1227	1639	1640	1655	1654
1228	1640	1641	1656	1655
1229	1641	1642	1657	1656
1230	1642	1643	1658	1657
1231	1643	1644	1659	1658
1232	1644	1645	1660	1659
1233	1645	123	122	1660
1234	203	1646	1661	204
1235	1646	1647	1662	1661
1236	1647	1648	1663	1662
1237	1648	1649	1664	1663
1238	1649	1650	1665	1664
1239	1650	1651	1666	1665
1240	1651	1652	1667	1666
1241	1652	1653	1668	1667
1242	1653	1654	1669	1668
1243	1654	1655	1670	1669
1244	1655	1656	1671	1670
1245	1656	1657	1672	1671
1246	1657	1658	1673	1672
1247	1658	1659	1674	1673
1248	1659	1660	1675	1674
1249	1660	122	121	1675
1250	204	1661	1676	205
1251	1661	1662	1677	1676
1252	1662	1663	1678	1677
1253	1663	1664	1679	1678
1254	1664	1665	1680	1679
1255	1665	1666	1681	1680
1256	1666	1667	1682	1681
1257	1667	1668	1683	1682
1258	1668	1669	1684	1683
1259	1669	1670	1685	1684
1260	1670	1671	1686	1685
1261	1671	1672	1687	1686
1262	1672	1673	1688	1687
1263	1673	1674	1689	1688
1264	1674	1675	1690	1689
1265	1675	121	120	1690
1266	205	1676	1691	206
1267	1676	1677	1692	1691
1268	1677	1678	1693	1692
1269	1678	1679	1694	1693
1270	1679	1680	1695	1694
1271	1680	1681	1696	1695
1272	1681	1682	1697	1696
1273	1682	1683	1698	1697
1274	1683	1684	1699	1698
1275	1684	1685	1700	1699
1276	1685	1686	1701	1700
1277	1686	1687	1702	1701
1278	1687	1688	1703	1702
1279	1688	1689	1704	1703
1280	1689	1690	1705	1704
1281	1690	120	119	1705
1282	206	1691	1706	207
1283	1691	1692	1707	1706
1284	1692	1693	1708	1707
1285	1693	1694	1709	1708
1286	1694	1695	1710	1709
1287	1695	1696	1711	1710
1288	1696	1697	1712	1711
1289	1697	1698	1713	1712
1290	1698	1699	1714	1713
1291	1699	1700	1715	1714
1292	1700	1701	1716	1715
1293	1701	1702	1717	1716
1294	1702	1703	1718	1717
1295	1703	1704	1719	1718
1296	1704	1705	1720	1719
1297	1705	119	118	1720
1298	207	1706	1721	208
1299	1706	1707	1722	1721
1300	1707	1708	1723	1722
1301	1708	1709	1724	1723
1302	1709	1710	1725	1724
1303	1710	1711	1726	1725
1304	1711	1712	1727	1726
1305	1712	1713	1728	1727
1306	1713	1714	1729	1728
1307	1714	1715	1730	1729
1308	1715	1716	1731	1730
1309	1716	1717	1732	1731
1310	1717	1718	1733	1732
1311	1718	1719	1734	1733
1312	1719	1720	1735	1734
1313	1720	118	117	1735
1314	208	1721	1736	209
1315	1721	1722	1737	1736
1316	1722	1723	1738	1737
1317	1723	1724	1739	1738
1318	1724	1725	1740	1739
1319	1725	1726	1741	1740
1320	1726	1727	1742	1741
1321	1727	1728	1743	1742
1322	1728	1729	1744	1743
1323	1729	1730	1745	1744
1324	1730	1731	1746	1745
1325	1731	1732	1747	1746
1326	1732	1733	1748	1747
1327	1733	1734	1749	1748
1328	1734	1735	1750	1749
1329	1735	117	116	1750
1330	209	1736	1751	210
1331	1736	1737	1752	1751
1332	1737	1738	1753	1752
1333	1738	1739	1754	1753
1334	1739	1740	1755	1754
1335	1740	1741	1756	1755
1336	1741	1742	1757	1756
1337	1742	1743	1758	1757
1338	1743	1744	1759	1758
1339	1744	1745	1760	1759
1340	1745	1746	1761	1760
1341	1746	1747	1762	1761
1342	1747	1748	1763	1762
1343	1748	1749	1764	1763
1344	1749	1750	1765	1764
1345	1750	116	115	1765
1346	210	1751	1766	211
1347	1751	1752	1767	1766
1348	1752	1753	1768	1767
1349	1753	1754	1769	1768
1350	1754	1755	1770	1769
1351	1755	1756	1771	1770
1352	1756	1757	1772	1771
1353	1757	1758	1773	1772
1354	1758	1759	1774	1773
1355	1759	1760	1775	1774
1356	1760	1761	1776	1775
1357	1761	1762	1777	1776
1358	1762	1763	1778	1777
1359	1763	1764	1779	1778
1360	1764	1765	1780	1779
1361	1765	115	114	1780
1362	211	1766	1781	212
1363	1766	1767	1782	1781
1364	1767	1768	1783	1782
1365	1768	1769	1784	1783
1366	1769	1770	1785	1784
1367	1770	1771	1786	1785
1368	1771	1772	1787	1786
1369	1772	1773	1788	1787
1370	1773	1774	1789	1788
1371	1774	1775	1790	1789
1372	1775	1776	1791	1790
1373	1776	1777	1792	1791
1374	1777	1778	1793	1792
1375	1778	1779	1794	1793
1376	1779	1780	1795	1794
1377	1780	114	113	1795
1378	212	1781	1796	213
1379	1781	1782	1797	1796
1380	1782	1783	1798	1797
1381	1783	1784	1799	1798
1382	1784	1785	1800	1799
1383	1785	1786	1801	1800
1384	1786	1787	1802	1801
1385	1787	1788	1803	1802
1386	1788	1789	1804	1803
1387	1789	1790	1805	1804
1388	1790	1791	1806	1805
1389	1791	1792	1807	1806
1390	1792	1793	1808	1807
1391	1793	1794	1809	1808
1392	1794	1795	1810	1809
1393	1795	113	112	1810
1394	213	1796	1811	214
1395	1796	1797	1812	1811
1396	1797	1798	1813	1812
1397	1798	1799	1814	1813
1398	1799	1800	1815	1814
1399	1800	1801	1816	1815
1400	1801	1802	1817	1816
1401	1802	1803	1818	1817
1402	1803	1804	1819	1818
1403	1804	1805	1820	1819
1404	1805	1806	1821	1820
1405	1806	1807	1822	1821
1406	1807	1808	1823	1822
1407	1808	1809	1824	1823
1408	1809	1810	1825	1824
1409	1810	112	111	1825
1410	214	1811	1826	215
1411	1811	1812	1827	1826
1412	1812	1813	1828	1827
1413	1813	1814	1829	1828
1414	1814	1815	1830	1829
1415	1815	1816	1831	1830
1416	1816	1817	1832	1831
1417	1817	1818	1833	1832
1418	1818	1819	1834	1833
1419	1819	1820	1835	1834
1420	1820	1821	1836	1835
1421	1821	1822	1837	1836
1422	1822	1823	1838	1837
1423	1823	1824	1839	1838
1424	1824	1825	1840	1839
1425	1825	111	110	1840
1426	215	1826	1841	216
1427	1826	1827	1842	1841
1428	1827	1828	1843	1842
1429	1828	1829	1844	1843
1430	1829	1830	1845	1844
1431	1830	1831	1846	1845
1432	1831	1832	1847	1846
1433	1832	1833	1848	1847
1434	1833	1834	1849	1848
1435	1834	1835	1850	1849
1436	1835	1836	1851	1850
1437	1836	1837	1852	1851
1438	1837	1838	1853	1852
1439	1838	1839	1854	1853
1440	1839	1840	1855	1854
1441	1840	110	109	1855
1442	216	1841	1856	217
1443	1841	1842	1857	1856
1444	1842	1843	1858	1857
1445	1843	1844	1859	1858
1446	1844	1845	1860	1859
1447	1845	1846	1861	1860
1448	1846	1847	1862	1861
1449	1847	1848	1863	1862
1450	1848	1849	1864	1863
1451	1849	1850	1865	1864
1452	1850	1851	1866	1865
1453	1851	1852	1867	1866
1454	1852	1853	1868	1867
1455	1853	1854	1869	1868
1456	1854	1855	1870	1869
1457	1855	109	108	1870
1458	217	1856	1871	218
1459	1856	1857	1872	1871
1460	1857	1858	1873	1872
1461	1858	1859	1874	1873
1462	1859	1860	1875	1874
1463	1860	1861	1876	1875
1464	1861	1862	1877	1876
1465	1862	1863	1878	1877
1466	1863	1864	1879	1878
1467	1864	1865	1880	1879
1468	1865	1866	1881	1880
1469	1866	1867	1882	1881
1470	1867	1868	1883	1882
1471	1868	1869	1884	1883
1472	1869	1870	1885	1884
1473	1870	108	107	1885
1474	218	1871	1886	219
1475	1871	1872	1887	1886
1476	1872	1873	1888	1887
1477	1873	1874	1889	1888
1478	1874	1875	1890	1889
1479	1875	1876	1891	1890
1480	1876	1877	1892	1891
1481	1877	1878	1893	1892
1482	1878	1879	1894	1893
1483	1879	1880	1895	1894
1484	1880	1881	1896	1895
1485	1881	1882	1897	1896
1486	1882	1883	1898	1897
1487	1883	1884	1899	1898
1488	1884	1885	1900	1899
1489	1885	107	106	1900
1490	219	1886	1901	220
1491	1886	1887	1902	1901
1492	1887	1888	1903	1902
1493	1888	1889	1904	1903
1494	1889	1890	1905	1904
1495	1890	1891	1906	1905
1496	1891	1892	1907	1906
1497	1892	1893	1908	1907
1498	1893	1894	1909	1908
1499	1894	1895	1910	1909
1500	1895	1896	1911	1910
1501	1896	1897	1912	1911
1502	1897	1898	1913	1912
1503	1898	1899	1914	1913
1504	1899	1900	1915	1914
1505	1900	106	105	1915
1506	220	1901	1916	221
1507	1901	1902	1917	1916
1508	1902	1903	1918	1917
1509	1903	1904	1919	1918
1510	1904	1905	1920	1919
1511	1905	1906	1921	1920
1512	1906	1907	1922	1921
1513	1907	1908	1923	1922
1514	1908	1909	1924	1923
1515	1909	1910	1925	1924
1516	1910	1911	1926	1925
1517	1911	1912	1927	1926
1518	1912	1913	1928	1927
1519	1913	1914	1929	1928
1520	1914	1915	1930	1929
1521	1915	105	104	1930
1522	221	1916	1931	222
1523	1916	1917	1932	1931
1524	1917	1918	1933	1932
1525	1918	1919	1934	1933
1526	1919	1920	1935	1934
1527	1920	1921	1936	1935
1528	1921	1922	1937	1936
1529	1922	1923	1938	1937
1530	1923	1924	1939	1938
1531	1924	1925	1940	1939
1532	1925	1926	1941	1940
1533	1926	1927	1942	1941
1534	1927	1928	1943	1942
1535	1928	1929	1944	1943
1536	1929	1930	1945	1944
1537	1930	104	103	1945
1538	222	1931	1946	223
1539	1931	1932	1947	1946
1540	1932	1933	1948	1947
1541	1933	1934	1949	1948
1542	1934	1935	1950	1949
1543	1935	1936	1951	1950
1544	1936	1937	1952	1951
1545	1937	1938	1953	1952
1546	1938	1939	1954	1953
1547	1939	1940	1955	1954
1548	1940	1941	1956	1955
1549	1941	1942	1957	1956
1550	1942	1943	1958	1957
1551	1943	1944	1959	1958
1552	1944	1945	1960	1959
1553	1945	103	102	1960
1554	223	1946	1961	224
1555	1946	1947	1962	1961
1556	1947	1948	1963	1962
1557	1948	1949	1964	1963
1558	1949	1950	1965	1964
1559	1950	1951	1966	1965
1560	1951	1952	1967	1966
1561	1952	1953	1968	1967
1562	1953	1954	1969	1968
1563	1954	1955	1970	1969
1564	1955	1956	1971	1970
1565	1956	1957	1972	1971
1566	1957	1958	1973	1972
1567	1958	1959	1974	1973
1568	1959	1960	1975	1974
1569	1960	102	101	1975
1570	224	1961	1976	225
1571	1961	1962	1977	1976
1572	1962	1963	1978	1977
1573	1963	1964	1979	1978
1574	1964	1965	1980	1979
1575	1965	1966	1981	1980
1576	1966	1967	1982	1981
1577	1967	1968	1983	1982
1578	1968	1969	1984	1983
1579	1969	1970	1985	1984
1580	1970	1971	1986	1985
1581	1971	1972	1987	1986
1582	1972	1973	1988	1987
1583	1973	1974	1989	1988
1584	1974	1975	1990	1989
1585	1975	101	100	1990
1586	225	1976	1991	226
1587	1976	1977	1992	1991
1588	1977	1978	1993	1992
1589	1978	1979	1994	1993
1590	1979	1980	1995	1994
1591	1980	1981	1996	1995
1592	1981	1982	1997	1996
1593	1982	1983	1998	1997
1594	1983	1984	1999	1998
1595	1984	1985	2000	1999
1596	1985	1986	2001	2000
1597	1986	1987	2002	2001
1598	1987	1988	2003	2002
1599	1988	1989	2004	2003
1600	1989	1990	2005	2004
1601	1990	100	99	2005
1602	226	1991	357	11
1603	1991	1992	356	357
1604	1992	1993	355	356
1605	1993	1994	354	355
1606	1994	1995	353	354
1607	1995	1996	352	353
1608	1996	1997	351	352
1609	1997	1998	350	351
1610	1998	1999	349	350
1611	1999	2000	348	349
1612	2000	2001	347	348
1613	2001	2002	346	347
1614	2002	2003	345	346
1615	2003	2004	344	345
1616	2004	2005	343	344
1617	2005	99	4	343
1618	5	193	2006	147
1619	193	192	2007	2006
1620	192	191	2008	2007
1621	191	190	2009	2008
1622	190	8	189	2009
1623	147	2006	2010	148
1624	2006	2007	2011	2010
1625	2007	2008	2012	2011
1626	2008	2009	2013	2012
1627	2009	189	188	2013
1628	148	2010	2014	149
1629	2010	2011	2015	2014
1630	2011	2012	2016	2015
1631	2012	2013	2017	2016
1632	2013	188	187	2017
1633	149	2014	2018	150
1634	2014	2015	2019	2018
1635	2015	2016	2020	2019
1636	2016	2017	2021	2020
1637	2017	187	186	2021
1638	150	2018	2022	151
1639	2018	2019	2023	2022
1640	2019	2020	2024	2023
1641	2020	2021	2025	2024
1642	2021	186	185	2025
1643	151	2022	361	6
1644	2022	2023	360	361
1645	2023	2024	359	360
1646	2024	2025	358	359
1647	2025	185	10	358
1648	3	362	2026	314
1649	362	363	2027	2026
1650	363	364	2028	2027
1651	364	365	2029	2028
1652	365	12	366	2029
1653	314	2026	2030	315
1654	2026	2027	2031	2030
1655	2027	2028	2032	2031
1656	2028	2029	2033	2032
1657	2029	366	367	2033
1658	315	2030	2034	316
1659	2030	2031	2035	2034
1660	2031	2032	2036	2035
1661	2032	2033	2037	2036
1662	2033	367	368	2037
1663	316	2034	2038	317
1664	2034	2035	2039	2038
1665	2035	2036	2040	2039
1666	2036	2037	2041	2040
1667	2037	368	369	2041
1668	317	2038	373	16
1669	2038	2039	372	373
1670	2039	2040	371	372
1671	2040	2041	370	371
1672	2041	369	19	370
1673	11	357	2042	392
1674	357	356	2043	2042
1675	356	355	2044	2043
1676	355	354	2045	2044
1677	354	353	2046	2045
1678	353	352	2047	2046
1679	352	351	2048	2047
1680	351	350	2049	2048
1681	350	349	2050	2049
1682	349	348	2051	2050
1683	348	347	2052	2051
1684	347	346	2053	2052
1685	346	345	2054	2053
1686	345	344	2055	2054
1687	344	343	2056	2055
1688	343	4	342	2056
1689	392	2042	2057	391
1690	2042	2043	2058	2057
1691	2043	2044	2059	2058
1692	2044	2045	2060	2059
1693	2045	2046	2061	2060
1694	2046	2047	2062	2061
1695	2047	2048	2063	2062
1696	2048	2049	2064	2063
1697	2049	2050	2065	2064
1698	2050	2051	2066	2065
1699	2051	2052	2067	2066
1700	2052	2053	2068	2067
1701	2053	2054	2069	2068
1702	2054	2055	2070	2069
1703	2055	2056	2071	2070
1704	2056	342	341	2071
1705	391	2057	2072	390
1706	2057	2058	2073	2072
1707	2058	2059	2074	2073
1708	2059	2060	2075	2074
1709	2060	2061	2076	2075
1710	2061	2062	2077	2076
1711	2062	2063	2078	2077
1712	2063	2064	2079	2078
1713	2064	2065	2080	2079
1714	2065	2066	2081	2080
1715	2066	2067	2082	2081
1716	2067	2068	2083	2082
1717	2068	2069	2084	2083
1718	2069	2070	2085	2084
1719	2070	2071	2086	2085
1720	2071	341	340	2086
1721	390	2072	2087	389
1722	2072	2073	2088	2087
1723	2073	2074	2089	2088
1724	2074	2075	2090	2089
1725	2075	2076	2091	2090
1726	2076	2077	2092	2091
1727	2077	2078	2093	2092
1728	2078	2079	2094	2093
1729	2079	2080	2095	2094
1730	2080	2081	2096	2095
1731	2081	2082	2097	2096
1732	2082	2083	2098	2097
1733	2083	2084	2099	2098
1734	2084	2085	2100	2099
1735	2085	2086	2101	2100
1736	2086	340	339	2101
1737	389	2087	388	20
1738	2087	2088	387	388
1739	2088	2089	386	387
1740	2089	2090	385	386
1741	2090	2091	384	385
1742	2091	2092	383	384
1743	2092	2093	382	383
1744	2093	2094	381	382
1745	2094	2095	380	381
1746	2095	2096	379	380
1747	2096	2097	378	379
1748	2097	2098	377	378
1749	2098	2099	376	377
1750	2099	2100	375	376
1751	2100	2101	374	375
1752	2101	339	18	374
1753	18	338	2102	415
1754	338	337	2103	2102
1755	337	336	2104	2103
1756	336	335	2105	2104
1757	335	334	2106	2105
1758	334	333	2107	2106
1759	333	332	2108	2107
1760	332	331	2109	2108
1761	331	330	2110	2109
1762	330	329	2111	2110
1763	329	328	2112	2111
1764	328	327	2113	2112
1765	327	326	2114	2113
1766	326	325	2115	2114
1767	325	324	2116	2115
1768	324	16	393	2116
1769	415	2102	2117	414
1770	2102	2103	2118	2117
1771	2103	2104	2119	2118
1772	2104	2105	2120	2119
1773	2105	2106	2121	2120
1774	2106	2107	2122	2121
1775	2107	2108	2123	2122
1776	2108	2109	2124	2123
1777	2109	2110	2125	2124
1778	2110	2111	2126	2125
1779	2111	2112	2127	2126
1780	2112	2113	2128	2127
1781	2113	2114	2129	2128
1782	2114	2115	2130	2129
1783	2115	2116	2131	2130
1784	2116	393	394	2131
1785	414	2117	2132	413
1786	2117	2118	2133	2132
1787	2118	2119	2134	2133
1788	2119	2120	2135	2134
1789	2120	2121	2136	2135
1790	2121	2122	2137	2136
1791	2122	2123	2138	2137
1792	2123	2124	2139	2138
1793	2124	2125	2140	2139
1794	2125	2126	2141	2140
1795	2126	2127	2142	2141
1796	2127	2128	2143	2142
1797	2128	2129	2144	2143
1798	2129	2130	2145	2144
1799	2130	2131	2146	2145
1800	2131	394	395	2146
1801	413	2132	2147	412
1802	2132	2133	2148	2147
1803	2133	2134	2149	2148
1804	2134	2135	2150	2149
1805	2135	2136	2151	2150
1806	2136	2137	2152	2151
1807	2137	2138	2153	2152
1808	2138	2139	2154	2153
1809	2139	2140	2155	2154
1810	2140	2141	2156	2155
1811	2141	2142	2157	2156
1812	2142	2143	2158	2157
1813	2143	2144	2159	2158
1814	2144	2145	2160	2159
1815	2145	2146	2161	2160
1816	2146	395	396	2161
1817	412	2147	411	22
1818	2147	2148	410	411
1819	2148	2149	409	410
1820	2149	2150	408	409
1821	2150	2151	407	408
1822	2151	2152	406	407
1823	2152	2153	405	406
1824	2153	2154	404	405
1825	2154	2155	403	404
1826	2155	2156	402	403
1827	2156	2157	401	402
1828	2157	2158	400	401
1829	2158	2159	399	400
1830	2159	2160	398	399
1831	2160	2161	397	398
1832	2161	396	21	397
1833	19	416	2162	431
1834	416	417	2163	2162
1835	417	418	2164	2163
1836	418	419	2165	2164
1837	419	20	420	2165
1838	431	2162	2166	430
1839	2162	2163	2167	2166
1840	2163	2164	2168	2167
1841	2164	2165	2169	2168
1842	2165	420	421	2169
1843	430	2166	2170	429
1844	2166	2167	2171	2170
1845	2167	2168	2172	2171
1846	2168	2169	2173	2172
1847	2169	421	422	2173
1848	429	2170	2174	428
1849	2170	2171	2175	2174
1850	2171	2172	2176	2175
1851	2172	2173	2177	2176
1852	2173	422	423	2177
1853	428	2174	427	24
1854	2174	2175	426	427
1855	2175	2176	425	426
1856	2176	2177	424	425
1857	2177	423	23	424
1858	2	175	2178	51
1859	175	174	2179	2178
1860	174	173	2180	2179
1861	173	172	2181	2180
1862	172	8	263	2181
1863	51	2178	2182	52
1864	2178	2179	2183	2182
1865	2179	2180	2184	2183
1866	2180	2181	2185	2184
1867	2181	263	262	2185
1868	52	2182	2186	53
1869	2182	2183	2187	2186
1870	2183	2184	2188	2187
1871	2184	2185	2189	2188
1872	2185	262	261	2189
1873	53	2186	2190	54
1874	2186	2187	2191	2190
1875	2187	2188	2192	2191
1876	2188	2189	2193	2192
1877	2189	261	260	2193
1878	54	2190	2194	55
1879	2190	2191	2195	2194
1880	2191	2192	2196	2195
1881	2192	2193	2197	2196
1882	2193	260	259	2197
1883	55	2194	2198	56
1884	2194	2195	2199	2198
1885	2195	2196	2200	2199
1886	2196	2197	2201	2200
1887	2197	259	258	2201
1888	56	2198	2202	57
1889	2198	2199	2203	2202
1890	2199	2200	2204	2203
1891	2200	2201	2205	2204
1892	2201	258	257	2205
1893	57	2202	2206	58
1894	2202	2203	2207	2206
1895	2203	2204	2208	2207
1896	2204	2205	2209	2208
1897	2205	257	256	2209
1898	58	2206	2210	59
1899	2206	2207	2211	2210
1900	2207	2208	2212	2211
1901	2208	2209	2213	2212
1902	2209	256	255	2213
1903	59	2210	2214	60
1904	2210	2211	2215	2214
1905	2211	2212	2216	2215
1906	2212	2213	2217	2216
1907	2213	255	254	2217
1908	60	2214	2218	61
1909	2214	2215	2219	2218
1910	2215	2216	2220	2219
1911	2216	2217	2221	2220
1912	2217	254	253	2221
1913	61	2218	2222	62
1914	2218	2219	2223	2222
1915	2219	2220	2224	2223
1916	2220	2221	2225	2224
1917	2221	253	252	2225
1918	62	2222	2226	63
1919	2222	2223	2227	2226
1920	2223	2224	2228	2227
1921	2224	2225	2229	2228
1922	2225	252	251	2229
1923	63	2226	2230	64
1924	2226	2227	2231	2230
1925	2227	2228	2232	2231
1926	2228	2229	2233	2232
1927	2229	251	250	2233
1928	64	2230	2234	65
1929	2230	2231	2235	2234
1930	2231	2232	2236	2235
1931	2232	2233	2237	2236
1932	2233	250	249	2237
1933	65	2234	2238	66
1934	2234	2235	2239	2238
1935	2235	2236	2240	2239
1936	2236	2237	2241	2240
1937	2237	249	248	2241
1938	66	2238	2242	67
1939	2238	2239	2243	2242
1940	2239	2240	2244	2243
1941	2240	2241	2245	2244
1942	2241	248	247	2245
1943	67	2242	2246	68
1944	2242	2243	2247	2246
1945	2243	2244	2248	2247
1946	2244	2245	2249	2248
1947	2245	247	246	2249
1948	68	2246	2250	69
1949	2246	2247	2251	2250
1950	2247	2248	2252	2251
1951	2248	2249	2253	2252
1952	2249	246	245	2253
1953	69	2250	2254	70
1954	2250	2251	2255	2254
1955	2251	2252	2256	2255
1956	2252	2253	2257	2256
1957	2253	245	244	2257
1958	70	2254	2258	71
1959	2254	2255	2259	2258
1960	2255	2256	2260	2259
1961	2256	2257	2261	2260
1962	2257	244	243	2261
1963	71	2258	2262	72
1964	2258	2259	2263	2262
1965	2259	2260	2264	2263
1966	2260	2261	2265	2264
1967	2261	243	242	2265
1968	72	2262	2266	73
1969	2262	2263	2267	2266
1970	2263	2264	2268	2267
1971	2264	2265	2269	2268
1972	2265	242	241	2269
1973	73	2266	2270	74
1974	2266	2267	2271	2270
1975	2267	2268	2272	2271
1976	2268	2269	2273	2272
1977	2269	241	240	2273
1978	74	2270	2274	75
1979	2270	2271	2275	2274
1980	2271	2272	2276	2275
1981	2272	2273	2277	2276
1982	2273	240	239	2277
1983	75	2274	2278	76
1984	2274	2275	2279	2278
1985	2275	2276	2280	2279
1986	2276	2277	2281	2280
1987	2277	239	238	2281
1988	76	2278	2282	77
1989	2278	2279	2283	2282
1990	2279	2280	2284	2283
1991	2280	2281	2285	2284
1992	2281	238	237	2285
1993	77	2282	2286	78
1994	2282	2283	2287	2286
1995	2283	2284	2288	2287
1996	2284	2285	2289	2288
1997	2285	237	236	2289
1998	78	2286	2290	79
1999	2286	2287	2291	2290
2000	2287	2288	2292	2291
2001	2288	2289	2293	2292
2002	2289	236	235	2293
2003	79	2290	2294	80
2004	2290	2291	2295	2294
2005	2291	2292	2296	2295
2006	2292	2293	2297	2296
2007	2293	235	234	2297
2008	80	2294	2298	81
2009	2294	2295	2299	2298
2010	2295	2296	2300	2299
2011	2296	2297	2301	2300
2012	2297	234	233	2301
2013	81	2298	2302	82
2014	2298	2299	2303	2302
2015	2299	2300	2304	2303
2016	2300	2301	2305	2304
2017	2301	233	232	2305
2018	82	2302	2306	83
2019	2302	2303	2307	2306
2020	2303	2304	2308	2307
2021	2304	2305	2309	2308
2022	2305	232	231	2309
2023	83	2306	362	3
2024	2306	2307	363	362
2025	2307	2308	364	363
2026	2308	2309	365	364
2027	2309	231	12	365
2028	13	265	2310	275
2029	265	264	2311	2310
2030	264	2	51	2311
2031	275	2310	2312	276
2032	2310	2311	2313	2312
2033	2311	51	52	2313
2034	276	2312	2314	277
2035	2312	2313	2315	2314
2036	2313	52	53	2315
2037	277	2314	2316	278
2038	2314	2315	2317	2316
2039	2315	53	54	2317
2040	278	2316	2318	279
2041	2316	2317	2319	2318
2042	2317	54	55	2319
2043	279	2318	2320	280
2044	2318	2319	2321	2320
2045	2319	55	56	2321
2046	280	2320	2322	281
2047	2320	2321	2323	2322
2048	2321	56	57	2323
2049	281	2322	2324	282
2050	2322	2323	2325	2324
2051	2323	57	58	2325
2052	282	2324	2326	283
2053	2324	2325	2327	2326
2054	2325	58	59	2327
2055	283	2326	2328	284
2056	2326	2327	2329	2328
2057	2327	59	60	2329
2058	284	2328	2330	285
2059	2328	2329	2331	2330
2060	2329	60	61	2331
2061	285	2330	2332	286
2062	2330	2331	2333	2332
2063	2331	61	62	2333
2064	286	2332	2334	287
2065	2332	2333	2335	2334
2066	2333	62	63	2335
2067	287	2334	2336	288
2068	2334	2335	2337	2336
2069	2335	63	64	2337
2070	288	2336	2338	289
2071	2336	2337	2339	2338
2072	2337	64	65	2339
2073	289	2338	2340	290
2074	2338	2339	2341	2340
2075	2339	65	66	2341
2076	290	2340	2342	291
2077	2340	2341	2343	2342
2078	2341	66	67	2343
2079	291	2342	2344	292
2080	2342	2343	2345	2344
2081	2343	67	68	2345
2082	292	2344	2346	293
2083	2344	2345	2347	2346
2084	2345	68	69	2347
2085	293	2346	2348	294
2086	2346	2347	2349	2348
2087	2347	69	70	2349
2088	294	2348	2350	295
2089	2348	2349	2351	2350
2090	2349	70	71	2351
2091	295	2350	2352	296
2092	2350	2351	2353	2352
2093	2351	71	72	2353
2094	296	2352	2354	297
2095	2352	2353	2355	2354
2096	2353	72	73	2355
2097	297	2354	2356	298
2098	2354	2355	2357	2356
2099	2355	73	74	2357
2100	298	2356	2358	299
2101	2356	2357	2359	2358
2102	2357	74	75	2359
2103	299	2358	2360	300
2104	2358	2359	2361	2360
2105	2359	75	76	2361
2106	300	2360	2362	301
2107	2360	2361	2363	2362
2108	2361	76	77	2363
2109	301	2362	2364	302
2110	2362	2363	2365	2364
2111	2363	77	78	2365
2112	302	2364	2366	303
2113	2364	2365	2367	2366
2114	2365	78	79	2367
2115	303	2366	2368	304
2116	2366	2367	2369	2368
2117	2367	79	80	2369
2118	304	2368	2370	305
2119	2368	2369	2371	2370
2120	2369	80	81	2371
2121	305	2370	2372	306
2122	2370	2371	2373	2372
2123	2371	81	82	2373
2124	306	2372	2374	307
2125	2372	2373	2375	2374
2126	2373	82	83	2375
2127	307	2374	312	15
2128	2374	2375	313	312
2129	2375	83	3	313
2130	20	432	2376	420
2131	432	433	2377	2376
2132	433	17	434	2377
2133	420	2376	2378	421
2134	2376	2377	2379	2378
2135	2377	434	435	2379
2136	421	2378	2380	422
2137	2378	2379	2381	2380
2138	2379	435	436	2381
2139	422	2380	2382	423
2140	2380	2381	2383	2382
2141	2381	436	437	2383
2142	423	2382	439	23
2143	2382	2383	438	439
2144	2383	437	25	438
2145	16	373	2384	393
2146	373	372	2385	2384
2147	372	371	2386	2385
2148	371	370	2387	2386
2149	370	19	431	2387
2150	393	2384	2388	394
2151	2384	2385	2389	2388
2152	2385	2386	2390	2389
2153	2386	2387	2391	2390
2154	2387	431	430	2391
2155	394	2388	2392	395
2156	2388	2389	2393	2392
2157	2389	2390	2394	2393
2158	2390	2391	2395	2394
2159	2391	430	429	2395
2160	395	2392	2396	396
2161	2392	2393	2397	2396
2162	2393	2394	2398	2397
2163	2394	2395	2399	2398
2164	2395	429	428	2399
2165	396	2396	443	21
2166	2396	2397	442	443
2167	2397	2398	441	442
2168	2398	2399	440	441
2169	2399	428	24	440
2170	24	427	2400	467
2171	427	426	2401	2400
2172	426	425	2402	2401
2173	425	424	2403	2402
2174	424	23	444	2403
2175	467	2400	2404	466
2176	2400	2401	2405	2404
2177	2401	2402	2406	2405
2178	2402	2403	2407	2406
2179	2403	444	445	2407
2180	466	2404	2408	465
2181	2404	2405	2409	2408
2182	2405	2406	2410	2409
2183	2406	2407	2411	2410
2184	2407	445	446	2411
2185	465	2408	2412	464
2186	2408	2409	2413	2412
2187	2409	2410	2414	2413
2188	2410	2411	2415	2414
2189	2411	446	447	2415
2190	464	2412	2416	463
2191	2412	2413	2417	2416
2192	2413	2414	2418	2417
2193	2414	2415	2419	2418
2194	2415	447	448	2419
2195	463	2416	2420	462
2196	2416	2417	2421	2420
2197	2417	2418	2422	2421
2198	2418	2419	2423	2422
2199	2419	448	449	2423
2200	462	2420	2424	461
2201	2420	2421	2425	2424
2202	2421	2422	2426	2425
2203	2422	2423	2427	2426
2204	2423	449	450	2427
2205	461	2424	2428	460
2206	2424	2425	2429	2428
2207	2425	2426	2430	2429
2208	2426	2427	2431	2430
2209	2427	450	451	2431
2210	460	2428	2432	459
2211	2428	2429	2433	2432
2212	2429	2430	2434	2433
2213	2430	2431	2435	2434
2214	2431	451	452	2435
2215	459	2432	2436	458
2216	2432	2433	2437	2436
2217	2433	2434	2438	2437
2218	2434	2435	2439	2438
2219	2435	452	453	2439
2220	458	2436	457	27
2221	2436	2437	456	457
2222	2437	2438	455	456
2223	2438	2439	454	455
2224	2439	453	26	454
2225	11	309	2440	392
2226	309	308	2441	2440
2227	308	15	323	2441
2228	392	2440	2442	391
2229	2440	2441	2443	2442
2230	2441	323	322	2443
2231	391	2442	2444	390
2232	2442	2443	2445	2444
2233	2443	322	321	2445
2234	390	2444	2446	389
2235	2444	2445	2447	2446
2236	2445	321	320	2447
2237	389	2446	432	20
2238	2446	2447	433	432
2239	2447	320	17	433
2240	25	468	2448	491
2241	468	469	2449	2448
2242	469	21	470	2449
2243	491	2448	2450	490
2244	2448	2449	2451	2450
2245	2449	470	471	2451
2246	490	2450	2452	489
2247	2450	2451	2453	2452
2248	2451	471	472	2453
2249	489	2452	2454	488
2250	2452	2453	2455	2454
2251	2453	472	473	2455
2252	488	2454	2456	487
2253	2454	2455	2457	2456
2254	2455	473	474	2457
2255	487	2456	2458	486
2256	2456	2457	2459	2458
2257	2457	474	475	2459
2258	486	2458	2460	485
2259	2458	2459	2461	2460
2260	2459	475	476	2461
2261	485	2460	2462	484
2262	2460	2461	2463	2462
2263	2461	476	477	2463
2264	484	2462	2464	483
2265	2462	2463	2465	2464
2266	2463	477	478	2465
2267	483	2464	2466	482
2268	2464	2465	2467	2466
2269	2465	478	479	2467
2270	482	2466	481	29
2271	2466	2467	480	481
2272	2467	479	28	480
2273	2	50	2468	176
2274	50	49	2469	2468
2275	49	48	2470	2469
2276	48	47	2471	2470
2277	47	46	2472	2471
2278	46	45	2473	2472
2279	45	44	2474	2473
2280	44	43	2475	2474
2281	43	42	2476	2475
2282	42	41	2477	2476
2283	41	40	2478	2477
2284	40	39	2479	2478
2285	39	38	2480	2479
2286	38	37	2481	2480
2287	37	36	2482	2481
2288	36	1	171	2482
2289	176	2468	2483	177
2290	2468	2469	2484	2483
2291	2469	2470	2485	2484
2292	2470	2471	2486	2485
2293	2471	2472	2487	2486
2294	2472	2473	2488	2487
2295	2473	2474	2489	2488
2296	2474	2475	2490	2489
2297	2475	2476	2491	2490
2298	2476	2477	2492	2491
2299	2477	2478	2493	2492
2300	2478	2479	2494	2493
2301	2479	2480	2495	2494
2302	2480	2481	2496	2495
2303	2481	2482	2497	2496
2304	2482	171	170	2497
2305	177	2483	2498	178
2306	2483	2484	2499	2498
2307	2484	2485	2500	2499
2308	2485	2486	2501	2500
2309	2486	2487	2502	2501
2310	2487	2488	2503	2502
2311	2488	2489	2504	2503
2312	2489	2490	2505	2504
2313	2490	2491	2506	2505
2314	2491	2492	2507	2506
2315	2492	2493	2508	2507
2316	2493	2494	2509	2508
2317	2494	2495	2510	2509
2318	2495	2496	2511	2510
2319	2496	2497	2512	2511
2320	2497	170	169	2512
2321	178	2498	2513	179
2322	2498	2499	2514	2513
2323	2499	2500	2515	2514
2324	2500	2501	2516	2515
2325	2501	2502	2517	2516
2326	2502	2503	2518	2517
2327	2503	2504	2519	2518
2328	2504	2505	2520	2519
2329	2505	2506	2521	2520
2330	2506	2507	2522	2521
2331	2507	2508	2523	2522
2332	2508	2509	2524	2523
2333	2509	2510	2525	2524
2334	2510	2511	2526	2525
2335	2511	2512	2527	2526
2336	2512	169	168	2527
2337	179	2513	2528	180
2338	2513	2514	2529	2528
2339	2514	2515	2530	2529
2340	2515	2516	2531	2530
2341	2516	2517	2532	2531
2342	2517	2518	2533	2532
2343	2518	2519	2534	2533
2344	2519	2520	2535	2534
2345	2520	2521	2536	2535
2346	2521	2522	2537	2536
2347	2522	2523	2538	2537
2348	2523	2524	2539	2538
2349	2524	2525	2540	2539
2350	2525	2526	2541	2540
2351	2526	2527	2542	2541
2352	2527	168	167	2542
2353	180	2528	506	9
2354	2528	2529	505	506
2355	2529	2530	504	505
2356	2530	2531	503	504
2357	2531	2532	502	503
2358	2532	2533	501	502
2359	2533	2534	500	501
2360	2534	2535	499	500
2361	2535	2536	498	499
2362	2536	2537	497	498
2363	2537	2538	496	497
2364	2538	2539	495	496
2365	2539	2540	494	495
2366	2540	2541	493	494
2367	2541	2542	492	493
2368	2542	167	7	492
2369	23	507	2543	444
2370	507	508	2544	2543
2371	508	509	2545	2544
2372	509	510	2546	2545
2373	510	511	2547	2546
2374	511	512	2548	2547
2375	512	513	2549	2548
2376	513	514	2550	2549
2377	514	515	2551	2550
2378	515	516	2552	2551
2379	516	517	2553	2552
2380	517	518	2554	2553
2381	518	519	2555	2554
2382	519	520	2556	2555
2383	520	521	2557	2556
2384	521	22	522	2557
2385	444	2543	2558	445
2386	2543	2544	2559	2558
2387	2544	2545	2560	2559
2388	2545	2546	2561	2560
2389	2546	2547	2562	2561
2390	2547	2548	2563	2562
2391	2548	2549	2564	2563
2392	2549	2550	2565	2564
2393	2550	2551	2566	2565
2394	2551	2552	2567	2566
2395	2552	2553	2568	2567
2396	2553	2554	2569	2568
2397	2554	2555	2570	2569
2398	2555	2556	2571	2570
2399	2556	2557	2572	2571
2400	2557	522	523	2572
2401	445	2558	2573	446
2402	2558	2559	2574	2573
2403	2559	2560	2575	2574
2404	2560	2561	2576	2575
2405	2561	2562	2577	2576
2406	2562	2563	2578	2577
2407	2563	2564	2579	2578
2408	2564	2565	2580	2579
2409	2565	2566	2581	2580
2410	2566	2567	2582	2581
2411	2567	2568	2583	2582
2412	2568	2569	2584	2583
2413	2569	2570	2585	2584
2414	2570	2571	2586	2585
2415	2571	2572	2587	2586
2416	2572	523	524	2587
2417	446	2573	2588	447
2418	2573	2574	2589	2588
2419	2574	2575	2590	2589
2420	2575	2576	2591	2590
2421	2576	2577	2592	2591
2422	2577	2578	2593	2592
2423	2578	2579	2594	2593
2424	2579	2580	2595	2594
2425	2580	2581	2596	2595
2426	2581	2582	2597	2596
2427	2582	2583	2598	2597
2428	2583	2584	2599	2598
2429	2584	2585	2600	2599
2430	2585	2586	2601	2600
2431	2586	2587	2602	2601
2432	2587	524	525	2602
2433	447	2588	2603	448
2434	2588	2589	2604	2603
2435	2589	2590	2605	2604
2436	2590	2591	2606	2605
2437	2591	2592	2607	2606
2438	2592	2593	2608	2607
2439	2593	2594	2609	2608
2440	2594	2595	2610	2609
2441	2595	2596	2611	2610
2442	2596	2597	2612	2611
2443	2597	2598	2613	2612
2444	2598	2599	2614	2613
2445	2599	2600	2615	2614
2446	2600	2601	2616	2615
2447	2601	2602	2617	2616
2448	2602	525	526	2617
2449	448	2603	2618	449
2450	2603	2604	2619	2618
2451	2604	2605	2620	2619
2452	2605	2606	2621	2620
2453	2606	2607	2622	2621
2454	2607	2608	2623	2622
2455	2608	2609	2624	2623
2456	2609	2610	2625	2624
2457	2610	2611	2626	2625
2458	2611	2612	2627	2626
2459	2612	2613	2628	2627
2460	2613	2614	2629	2628
2461	2614	2615	2630	2629
2462	2615	2616	2631	2630
2463	2616	2617	2632	2631
2464	2617	526	527	2632
2465	449	2618	2633	450
2466	2618	2619	2634	2633
2467	2619	2620	2635	2634
2468	2620	2621	2636	2635
2469	2621	2622	2637	2636
2470	2622	2623	2638	2637
2471	2623	2624	2639	2638
2472	2624	2625	2640	2639
2473	2625	2626	2641	2640
2474	2626	2627	2642	2641
2475	2627	2628	2643	2642
2476	2628	2629	2644	2643
2477	2629	2630	2645	2644
2478	2630	2631	2646	2645
2479	2631	2632	2647	2646
2480	2632	527	528	2647
2481	450	2633	2648	451
2482	2633	2634	2649	2648
2483	2634	2635	2650	2649
2484	2635	2636	2651	2650
2485	2636	2637	2652	2651
2486	2637	2638	2653	2652
2487	2638	2639	2654	2653
2488	2639	2640	2655	2654
2489	2640	2641	2656	2655
2490	2641	2642	2657	2656
2491	2642	2643	2658	2657
2492	2643	2644	2659	2658
2493	2644	2645	2660	2659
2494	2645	2646	2661	2660
2495	2646	2647	2662	2661
2496	2647	528	529	2662
2497	451	2648	2663	452
2498	2648	2649	2664	2663
2499	2649	2650	2665	2664
2500	2650	2651	2666	2665
2501	2651	2652	2667	2666
2502	2652	2653	2668	2667
2503	2653	2654	2669	2668
2504	2654	2655	2670	2669
2505	2655	2656	2671	2670
2506	2656	2657	2672	2671
2507	2657	2658	2673	2672
2508	2658	2659	2674	2673
2509	2659	2660	2675	2674
2510	2660	2661	2676	2675
2511	2661	2662	2677	2676
2512	2662	529	530	2677
2513	452	2663	2678	453
2514	2663	2664	2679	2678
2515	2664	2665	2680	2679
2516	2665	2666	2681	2680
2517	2666	2667	2682	2681
2518	2667	2668	2683	2682
2519	2668	2669	2684	2683
2520	2669	2670	2685	2684
2521	2670	2671	2686	2685
2522	2671	2672	2687	2686
2523	2672	2673	2688	2687
2524	2673	2674	2689	2688
2525	2674	2675	2690	2689
2526	2675	2676	2691	2690
2527	2676	2677	2692	2691
2528	2677	530	531	2692
2529	453	2678	546	26
2530	2678	2679	545	546
2531	2679	2680	544	545
2532	2680	2681	543	544
2533	2681	2682	542	543
2534	2682	2683	541	542
2535	2683	2684	540	541
2536	2684	2685	539	540
2537	2685	2686	538	539
2538	2686	2687	537	538
2539	2687	2688	536	537
2540	2688	2689	535	536
2541	2689	2690	534	535
2542	2690	2691	533	534
2543	2691	2692	532	533
2544	2692	531	30	532
2545	30	547	2693	586
2546	547	548	2694	2693
2547	548	549	2695	2694
2548	549	550	2696	2695
2549	550	551	2697	2696
2550	551	552	2698	2697
2551	552	553	2699	2698
2552	553	554	2700	2699
2553	554	555	2701	2700
2554	555	556	2702	2701
2555	556	557	2703	2702
2556	557	558	2704	2703
2557	558	559	2705	2704
2558	559	560	2706	2705
2559	560	561	2707	2706
2560	561	28	562	2707
2561	586	2693	2708	585
2562	2693	2694	2709	2708
2563	2694	2695	2710	2709
2564	2695	2696	2711	2710
2565	2696	2697	2712	2711
2566	2697	2698	2713	2712
2567	2698	2699	2714	2713
2568	2699	2700	2715	2714
2569	2700	2701	2716	2715
2570	2701	2702	2717	2716
2571	2702	2703	2718	2717
2572	2703	2704	2719	2718
2573	2704	2705	2720	2719
2574	2705	2706	2721	2720
2575	2706	2707	2722	2721
2576	2707	562	563	2722
2577	585	2708	2723	584
2578	2708	2709	2724	2723
2579	2709	2710	2725	2724
2580	2710	2711	2726	2725
2581	2711	2712	2727	2726
2582	2712	2713	2728	2727
2583	2713	2714	2729	2728
2584	2714	2715	2730	2729
2585	2715	2716	2731	2730
2586	2716	2717	2732	2731
2587	2717	2718	2733	2732
2588	2718	2719	2734	2733
2589	2719	2720	2735	2734
2590	2720	2721	2736	2735
2591	2721	2722	2737	2736
2592	2722	563	564	2737
2593	584	2723	2738	583
2594	2723	2724	2739	2738
2595	2724	2725	2740	2739
2596	2725	2726	2741	2740
2597	2726	2727	2742	2741
2598	2727	2728	2743	2742
2599	2728	2729	2744	2743
2600	2729	2730	2745	2744
2601	2730	2731	2746	2745
2602	2731	2732	2747	2746
2603	2732	2733	2748	2747
2604	2733	2734	2749	2748
2605	2734	2735	2750	2749
2606	2735	2736	2751	2750
2607	2736	2737	2752	2751
2608	2737	564	565	2752
2609	583	2738	2753	582
2610	2738	2739	2754	2753
2611	2739	2740	2755	2754
2612	2740	2741	2756	2755
2613	2741	2742	2757	2756
2614	2742	2743	2758	2757
2615	2743	2744	2759	2758
2616	2744	2745	2760	2759
2617	2745	2746	2761	2760
2618	2746	2747	2762	2761
2619	2747	2748	2763	2762
2620	2748	2749	2764	2763
2621	2749	2750	2765	2764
2622	2750	2751	2766	2765
2623	2751	2752	2767	2766
2624	2752	565	566	2767
2625	582	2753	581	32
2626	2753	2754	580	581
2627	2754	2755	579	580
2628	2755	2756	578	579
2629	2756	2757	577	578
2630	2757	2758	576	577
2631	2758	2759	575	576
2632	2759	2760	574	575
2633	2760	2761	573	574
2634	2761	2762	572	573
2635	2762	2763	571	572
2636	2763	2764	570	571
2637	2764	2765	569	570
2638	2765	2766	568	569
2639	2766	2767	567	568
2640	2767	566	31	567
2641	20	388	2768	420
2642	388	387	2769	2768
2643	387	386	2770	2769
2644	386	385	2771	2770
2645	385	384	2772	2771
2646	384	383	2773	2772
2647	383	382	2774	2773
2648	382	381	2775	2774
2649	381	380	2776	2775
2650	380	379	2777	2776
2651	379	378	2778	2777
2652	378	377	2779	2778
2653	377	376	2780	2779
2654	376	375	2781	2780
2655	375	374	2782	2781
2656	374	18	415	2782
2657	420	2768	2783	421
2658	2768	2769	2784	2783
2659	2769	2770	2785	2784
2660	2770	2771	2786	2785
2661	2771	2772	2787	2786
2662	2772	2773	2788	2787
2663	2773	2774	2789	2788
2664	2774	2775	2790	2789
2665	2775	2776	2791	2790
2666	2776	2777	2792	2791
2667	2777	2778	2793	2792
2668	2778	2779	2794	2793
2669	2779	2780	2795	2794
2670	2780	2781	2796	2795
2671	2781	2782	2797	2796
2672	2782	415	414	2797
2673	421	2783	2798	422
2674	2783	2784	2799	2798
2675	2784	2785	2800	2799
2676	2785	2786	2801	2800
2677	2786	2787	2802	2801
2678	2787	2788	2803	2802
2679	2788	2789	2804	2803
2680	2789	2790	2805	2804
2681	2790	2791	2806	2805
2682	2791	2792	2807	2806
2683	2792	2793	2808	2807
2684	2793	2794	2809	2808
2685	2794	2795	2810	2809
2686	2795	2796	2811	2810
2687	2796	2797	2812	2811
2688	2797	414	413	2812
2689	422	2798	2813	423
2690	2798	2799	2814	2813
2691	2799	2800	2815	2814
2692	2800	2801	2816	2815
2693	2801	2802	2817	2816
2694	2802	2803	2818	2817
2695	2803	2804	2819	2818
2696	2804	2805	2820	2819
2697	2805	2806	2821	2820
2698	2806	2807	2822	2821
2699	2807	2808	2823	2822
2700	2808	2809	2824	2823
2701	2809	2810	2825	2824
2702	2810	2811	2826	2825
2703	2811	2812	2827	2826
2704	2812	413	412	2827
2705	423	2813	507	23
2706	2813	2814	508	507
2707	2814	2815	509	508
2708	2815	2816	510	509
2709	2816	2817	511	510
2710	2817	2818	512	511
2711	2818	2819	513	512
2712	2819	2820	514	513
2713	2820	2821	515	514
2714	2821	2822	516	515
2715	2822	2823	517	516
2716	2823	2824	518	517
2717	2824	2825	519	518
2718	2825	2826	520	519
2719	2826	2827	521	520
2720	2827	412	22	521
2721	12	230	2828	366
2722	230	229	2829	2828
2723	229	228	2830	2829
2724	228	227	2831	2830
2725	227	11	392	2831
2726	366	2828	2832	367
2727	2828	2829	2833	2832
2728	2829	2830	2834	2833
2729	2830	2831	2835	2834
2730	2831	392	391	2835
2731	367	2832	2836	368
2732	2832	2833	2837	2836
2733	2833	2834	2838	2837
2734	2834	2835	2839	2838
2735	2835	391	390	2839
2736	368	2836	2840	369
2737	2836	2837	2841	2840
2738	2837	2838	2842	2841
2739	2838	2839	2843	2842
2740	2839	390	389	2843
2741	369	2840	416	19
2742	2840	2841	417	416
2743	2841	2842	418	417
2744	2842	2843	419	418
2745	2843	389	20	419
2746	26	587	2844	600
2747	587	588	2845	2844
2748	588	29	589	2845
2749	600	2844	2846	599
2750	2844	2845	2847	2846
2751	2845	589	590	2847
2752	599	2846	2848	598
2753	2846	2847	2849	2848
2754	2847	590	591	2849
2755	598	2848	2850	597
2756	2848	2849	2851	2850
2757	2849	591	592	2851
2758	597	2850	2852	596
2759	2850	2851	2853	2852
2760	2851	592	593	2853
2761	596	2852	595	34
2762	2852	2853	594	595
2763	2853	593	33	594
2764	21	443	2854	470
2765	443	442	2855	2854
2766	442	441	2856	2855
2767	441	440	2857	2856
2768	440	24	467	2857
2769	470	2854	2858	471
2770	2854	2855	2859	2858
2771	2855	2856	2860	2859
2772	2856	2857	2861	2860
2773	2857	467	466	2861
2774	471	2858	2862	472
2775	2858	2859	2863	2862
2776	2859	2860	2864	2863
2777	2860	2861	2865	2864
2778	2861	466	465	2865
2779	472	2862	2866	473
2780	2862	2863	2867	2866
2781	2863	2864	2868	2867
2782	2864	2865	2869	2868
2783	2865	465	464	2869
2784	473	2866	2870	474
2785	2866	2867	2871	2870
2786	2867	2868	2872	2871
2787	2868	2869	2873	2872
2788	2869	464	463	2873
2789	474	2870	2874	475
2790	2870	2871	2875	2874
2791	2871	2872	2876	2875
2792	2872	2873	2877	2876
2793	2873	463	462	2877
2794	475	2874	2878	476
2795	2874	2875	2879	2878
2796	2875	2876	2880	2879
2797	2876	2877	2881	2880
2798	2877	462	461	2881
2799	476	2878	2882	477
2800	2878	2879	2883	2882
2801	2879	2880	2884	2883
2802	2880	2881	2885	2884
2803	2881	461	460	2885
2804	477	2882	2886	478
2805	2882	2883	2887	2886
2806	2883	2884	2888	2887
2807	2884	2885	2889	2888
2808	2885	460	459	2889
2809	478	2886	2890	479
2810	2886	2887	2891	2890
2811	2887	2888	2892	2891
2812	2888	2889	2893	2892
2813	2889	459	458	2893
2814	479	2890	604	28
2815	2890	2891	603	604
2816	2891	2892	602	603
2817	2892	2893	601	602
2818	2893	458	27	601
2819	29	481	2894	589
2820	481	480	2895	2894
2821	480	28	562	2895
2822	589	2894	2896	590
2823	2894	2895	2897	2896
2824	2895	562	563	2897
2825	590	2896	2898	591
2826	2896	2897	2899	2898
2827	2897	563	564	2899
2828	591	2898	2900	592
2829	2898	2899	2901	2900
2830	2899	564	565	2901
2831	592	2900	2902	593
2832	2900	2901	2903	2902
2833	2901	565	566	2903
2834	593	2902	606	33
2835	2902	2903	605	606
2836	2903	566	31	605
2837	17	319	2904	434
2838	319	318	2905	2904
2839	318	16	393	2905
2840	434	2904	2906	435
2841	2904	2905	2907	2906
2842	2905	393	394	2907
2843	435	2906	2908	436
2844	2906	2907	2909	2908
2845	2907	394	395	2909
2846	436	2908	2910	437
2847	2908	2909	2911	2910
2848	2909	395	396	2911
2849	437	2910	468	25
2850	2910	2911	469	468
2851	2911	396	21	469
2852	28	604	2912	562
2853	604	603	2913	2912
2854	603	602	2914	2913
2855	602	601	2915	2914
2856	601	27	607	2915
2857	562	2912	2916	563
2858	2912	2913	2917	2916
2859	2913	2914	2918	2917
2860	2914	2915	2919	2918
2861	2915	607	608	2919
2862	563	2916	2920	564
2863	2916	2917	2921	2920
2864	2917	2918	2922	2921
2865	2918	2919	2923	2922
2866	2919	608	609	2923
2867	564	2920	2924	565
2868	2920	2921	2925	2924
2869	2921	2922	2926	2925
2870	2922	2923	2927	2926
2871	2923	609	610	2927
2872	565	2924	2928	566
2873	2924	2925	2929	2928
2874	2925	2926	2930	2929
2875	2926	2927	2931	2930
2876	2927	610	611	2931
2877	566	2928	615	31
2878	2928	2929	614	615
2879	2929	2930	613	614
2880	2930	2931	612	613
2881	2931	611	35	612
2882	23	439	2932	444
2883	439	438	2933	2932
2884	438	25	491	2933
2885	444	2932	2934	445
2886	2932	2933	2935	2934
2887	2933	491	490	2935
2888	445	2934	2936	446
2889	2934	2935	2937	2936
2890	2935	490	489	2937
2891	446	2936	2938	447
2892	2936	2937	2939	2938
2893	2937	489	488	2939
2894	447	2938	2940	448
2895	2938	2939	2941	2940
2896	2939	488	487	2941
2897	448	2940	2942	449
2898	2940	2941	2943	2942
2899	2941	487	486	2943
2900	449	2942	2944	450
2901	2942	2943	2945	2944
2902	2943	486	485	2945
2903	450	2944	2946	451
2904	2944	2945	2947	2946
2905	2945	485	484	2947
2906	451	2946	2948	452
2907	2946	2947	2949	2948
2908	2947	484	483	2949
2909	452	2948	2950	453
2910	2948	2949	2951	2950
2911	2949	483	482	2951
2912	453	2950	587	26
2913	2950	2951	588	587
2914	2951	482	29	588
2915	26	546	2952	600
2916	546	545	2953	2952
2917	545	544	2954	2953
2918	544	543	2955	2954
2919	543	542	2956	2955
2920	542	541	2957	2956
2921	541	540	2958	2957
2922	540	539	2959	2958
2923	539	538	2960	2959
2924	538	537	2961	2960
2925	537	536	2962	2961
2926	536	535	2963	2962
2927	535	534	2964	2963
2928	534	533	2965	2964
2929	533	532	2966	2965
2930	532	30	586	2966
2931	600	2952	2967	599
2932	2952	2953	2968	2967
2933	2953	2954	2969	2968
2934	2954	2955	2970	2969
2935	2955	2956	2971	2970
2936	2956	2957	2972	2971
2937	2957	2958	2973	2972
2938	2958	2959	2974	2973
2939	2959	2960	2975	2974
2940	2960	2961	2976	2975
2941	2961	2962	2977	2976
2942	2962	2963	2978	2977
2943	2963	2964	2979	2978
2944	2964	2965	2980	2979
2945	2965	2966	2981	2980
2946	2966	586	585	2981
2947	599	2967	2982	598
2948	2967	2968	2983	2982
2949	2968	2969	2984	2983
2950	2969	2970	2985	2984
2951	2970	2971	2986	2985
2952	2971	2972	2987	2986
2953	2972	2973	2988	2987
2954	2973	2974	2989	2988
2955	2974	2975	2990	2989
2956	2975	2976	2991	2990
2957	2976	2977	2992	2991
2958	2977	2978	2993	2992
2959	2978	2979	2994	2993
2960	2979	2980	2995	2994
2961	2980	2981	2996	2995
2962	2981	585	584	2996
2963	598	2982	2997	597
2964	2982	2983	2998	2997
2965	2983	2984	2999	2998
2966	2984	2985	3000	2999
2967	2985	2986	3001	3000
2968	2986	2987	3002	3001
2969	2987	2988	3003	3002
2970	2988	2989	3004	3003
2971	2989	2990	3005	3004
2972	2990	2991	3006	3005
2973	2991	2992	3007	3006
2974	2992	2993	3008	3007
2975	2993	2994	3009	3008
2976	2994	2995	3010	3009
2977	2995	2996	3011	3010
2978	2996	584	583	3011
2979	597	2997	3012	596
2980	2997	2998	3013	3012
2981	2998	2999	3014	3013
2982	2999	3000	3015	3014
2983	3000	3001	3016	3015
2984	3001	3002	3017	3016
2985	3002	3003	3018	3017
2986	3003	3004	3019	3018
2987	3004	3005	3020	3019
2988	3005	3006	3021	3020
2989	3006	3007	3022	3021
2990	3007	3008	3023	3022
2991	3008	3009	3024	3023
2992	3009	3010	3025	3024
2993	3010	3011	3026	3025
2994	3011	583	582	3026
2995	596	3012	630	34
2996	3012	3013	629	630
2997	3013	3014	628	629
2998	3014	3015	627	628
2999	3015	3016	626	627
3000	3016	3017	625	626
3001	3017	3018	624	625
3002	3018	3019	623	624
3003	3019	3020	622	623
3004	3020	3021	621	622
3005	3021	3022	620	621
3006	3022	3023	619	620
3007	3023	3024	618	619
3008	3024	3025	617	618
3009	3025	3026	616	617
3010	3026	582	32	616
3011	22	411	3027	522
3012	411	410	3028	3027
3013	410	409	3029	3028
3014	409	408	3030	3029
3015	408	407	3031	3030
3016	407	406	3032	3031
3017	406	405	3033	3032
3018	405	404	3034	3033
3019	404	403	3035	3034
3020	403	402	3036	3035
3021	402	401	3037	3036
3022	401	400	3038	3037
3023	400	399	3039	3038
3024	399	398	3040	3039
3025	398	397	3041	3040
3026	397	21	470	3041
3027	522	3027	3042	523
3028	3027	3028	3043	3042
3029	3028	3029	3044	3043
3030	3029	3030	3045	3044
3031	3030	3031	3046	3045
3032	3031	3032	3047	3046
3033	3032	3033	3048	3047
3034	3033	3034	3049	3048
3035	3034	3035	3050	3049
3036	3035	3036	3051	3050
3037	3036	3037	3052	3051
3038	3037	3038	3053	3052
3039	3038	3039	3054	3053
3040	3039	3040	3055	3054
3041	3040	3041	3056	3055
3042	3041	470	471	3056
3043	523	3042	3057	524
3044	3042	3043	3058	3057
3045	3043	3044	3059	3058
3046	3044	3045	3060	3059
3047	3045	3046	3061	3060
3048	3046	3047	3062	3061
3049	3047	3048	3063	3062
3050	3048	3049	3064	3063
3051	3049	3050	3065	3064
3052	3050	3051	3066	3065
3053	3051	3052	3067	3066
3054	3052	3053	3068	3067
3055	3053	3054	3069	3068
3056	3054	3055	3070	3069
3057	3055	3056	3071	3070
3058	3056	471	472	3071
3059	524	3057	3072	525
3060	3057	3058	3073	3072
3061	3058	3059	3074	3073
3062	3059	3060	3075	3074
3063	3060	3061	3076	3075
3064	3061	3062	3077	3076
3065	3062	3063	3078	3077
3066	3063	3064	3079	3078
3067	3064	3065	3080	3079
3068	3065	3066	3081	3080
3069	3066	3067	3082	3081
3070	3067	3068	3083	3082
3071	3068	3069	3084	3083
3072	3069	3070	3085	3084
3073	3070	3071	3086	3085
3074	3071	472	473	3086
3075	525	3072	3087	526
3076	3072	3073	3088	3087
3077	3073	3074	3089	3088
3078	3074	3075	3090	3089
3079	3075	3076	3091	3090
3080	3076	3077	3092	3091
3081	3077	3078	3093	3092
3082	3078	3079	3094	3093
3083	3079	3080	3095	3094
3084	3080	3081	3096	3095
3085	3081	3082	3097	3096
3086	3082	3083	3098	3097
3087	3083	3084	3099	3098
3088	3084	3085	3100	3099
3089	3085	3086	3101	3100
3090	3086	473	474	3101
3091	526	3087	3102	527
3092	3087	3088	3103	3102
3093	3088	3089	3104	3103
3094	3089	3090	3105	3104
3095	3090	3091	3106	3105
3096	3091	3092	3107	3106
3097	3092	3093	3108	3107
3098	3093	3094	3109	3108
3099	3094	3095	3110	3109
3100	3095	3096	3111	3110
3101	3096	3097	3112	3111
3102	3097	3098	3113	3112
3103	3098	3099	3114	3113
3104	3099	3100	3115	3114
3105	3100	3101	3116	3115
3106	3101	474	475	3116
3107	527	3102	3117	528
3108	3102	3103	3118	3117
3109	3103	3104	3119	3118
3110	3104	3105	3120	3119
3111	3105	3106	3121	3120
3112	3106	3107	3122	3121
3113	3107	3108	3123	3122
3114	3108	3109	3124	3123
3115	3109	3110	3125	3124
3116	3110	3111	3126	3125
3117	3111	3112	3127	3126
3118	3112	3113	3128	3127
3119	3113	3114	3129	3128
3120	3114	3115	3130	3129
3121	3115	3116	3131	3130
3122	3116	475	476	3131
3123	528	3117	3132	529
3124	3117	3118	3133	3132
3125	3118	3119	3134	3133
3126	3119	3120	3135	3134
3127	3120	3121	3136	3135
3128	3121	3122	3137	3136
3129	3122	3123	3138	3137
3130	3123	3124	3139	3138
3131	3124	3125	3140	3139
3132	3125	3126	3141	3140
3133	3126	3127	3142	3141
3134	3127	3128	3143	3142
3135	3128	3129	3144	3143
3136	3129	3130	3145	3144
3137	3130	3131	3146	3145
3138	3131	476	477	3146
3139	529	3132	3147	530
3140	3132	3133	3148	3147
3141	3133	3134	3149	3148
3142	3134	3135	3150	3149
3143	3135	3136	3151	3150
3144	3136	3137	3152	3151
3145	3137	3138	3153	3152
3146	3138	3139	3154	3153
3147	3139	3140	3155	3154
3148	3140	3141	3156	3155
3149	3141	3142	3157	3156
3150	3142	3143	3158	3157
3151	3143	3144	3159	3158
3152	3144	3145	3160	3159
3153	3145	3146	3161	3160
3154	3146	477	478	3161
3155	530	3147	3162	531
3156	3147	3148	3163	3162
3157	3148	3149	3164	3163
3158	3149	3150	3165	3164
3159	3150	3151	3166	3165
3160	3151	3152	3167	3166
3161	3152	3153	3168	3167
3162	3153	3154	3169	3168
3163	3154	3155	3170	3169
3164	3155	3156	3171	3170
3165	3156	3157	3172	3171
3166	3157	3158	3173	3172
3167	3158	3159	3174	3173
3168	3159	3160	3175	3174
3169	3160	3161	3176	3175
3170	3161	478	479	3176
3171	531	3162	547	30
3172	3162	3163	548	547
3173	3163	3164	549	548
3174	3164	3165	550	549
3175	3165	3166	551	550
3176	3166	3167	552	551
3177	3167	3168	553	552
3178	3168	3169	554	553
3179	3169	3170	555	554
3180	3170	3171	556	555
3181	3171	3172	557	556
3182	3172	3173	558	557
3183	3173	3174	559	558
3184	3174	3175	560	559
3185	3175	3176	561	560
3186	3176	479	28	561
3187	27	457	3177	607
3188	457	456	3178	3177
3189	456	455	3179	3178
3190	455	454	3180	3179
3191	454	26	600	3180
3192	607	3177	3181	608
3193	3177	3178	3182	3181
3194	3178	3179	3183	3182
3195	3179	3180	3184	3183
3196	3180	600	599	3184
3197	608	3181	3185	609
3198	3181	3182	3186	3185
3199	3182	3183	3187	3186
3200	3183	3184	3188	3187
3201	3184	599	598	3188
3202	609	3185	3189	610
3203	3185	3186	3190	3189
3204	3186	3187	3191	3190
3205	3187	3188	3192	3191
3206	3188	598	597	3192
3207	610	3189	3193	611
3208	3189	3190	3194	3193
3209	3190	3191	3195	3194
3210	3191	3192	3196	3195
3211	3192	597	596	3196
3212	611	3193	634	35
3213	3193	3194	633	634
3214	3194	3195	632	633
3215	3195	3196	631	632
3216	3196	596	34	631